1 1 2
1 2 2
1 3 2
1 4 2
1 5 2
1 6 2
1 7 2
1 8 2
1 9 2
1 10 2
1 11 2
1 12 2
1 13 2
1 14 2
1 15 2
1 16 2
1 17 2
1 18 2
1 19 2
1 20 2
1 21 2
1 22 2
1 23 2
1 24 2
1 25 2
1 26 2
1 27 2
1 28 2
1 29 2
1 30 2
1 31 2
1 32 2
1 33 2
1 34 2
1 35 2
1 36 2
1 37 2
1 38 2
1 39 2
1 40 2
1 41 2
1 42 2
1 43 2
1 44 2
1 45 2
1 46 2
1 47 2
1 48 2
1 49 2
1 50 2
1 51 2
1 52 2
1 53 2
1 54 2
1 55 9
1 56 9
1 57 9
1 58 9
1 59 9
1 60 9
1 61 9
1 62 9
1 63 9
1 64 9
1 65 9
1 66 9
1 67 9
1 68 9
1 69 9
1 70 9
1 71 9
1 72 9
1 73 9
1 74 9
1 75 9
1 76 9
1 77 9
1 78 9
1 79 9
1 80 9
1 81 9
1 82 9
1 83 9
1 84 9
1 85 9
1 86 9
1 87 9
1 88 9
1 89 9
1 90 9
1 91 9
1 92 9
1 93 9
1 94 9
1 95 9
1 96 9
1 97 9
1 98 9
1 99 9
1 100 9

2 1 2
2 2 2
2 3 2
2 4 2
2 5 2
2 6 2
2 7 2
2 8 2
2 9 2
2 10 2
2 11 2
2 12 2
2 13 2
2 14 2
2 15 2
2 16 2
2 17 2
2 18 2
2 19 2
2 20 2
2 21 2
2 22 2
2 23 2
2 24 2
2 25 2
2 26 2
2 27 2
2 28 2
2 29 2
2 30 2
2 31 2
2 32 2
2 33 2
2 34 2
2 35 2
2 36 2
2 37 2
2 38 2
2 39 2
2 40 2
2 41 2
2 42 2
2 43 2
2 44 2
2 45 2
2 46 2
2 47 2
2 48 2
2 49 2
2 50 2
2 51 2
2 52 2
2 53 2
2 54 2
2 55 9
2 56 9
2 57 9
2 58 9
2 59 9
2 60 9
2 61 9
2 62 9
2 63 9
2 64 9
2 65 9
2 66 9
2 67 9
2 68 9
2 69 9
2 70 9
2 71 9
2 72 9
2 73 9
2 74 9
2 75 9
2 76 9
2 77 9
2 78 9
2 79 9
2 80 9
2 81 9
2 82 9
2 83 9
2 84 9
2 85 9
2 86 9
2 87 9
2 88 9
2 89 9
2 90 9
2 91 9
2 92 9
2 93 9
2 94 9
2 95 9
2 96 9
2 97 9
2 98 9
2 99 9
2 100 9

3 1 2
3 2 2
3 3 2
3 4 2
3 5 2
3 6 2
3 7 2
3 8 2
3 9 2
3 10 2
3 11 2
3 12 2
3 13 2
3 14 2
3 15 2
3 16 2
3 17 2
3 18 2
3 19 2
3 20 2
3 21 2
3 22 2
3 23 2
3 24 2
3 25 2
3 26 2
3 27 2
3 28 2
3 29 2
3 30 2
3 31 2
3 32 2
3 33 2
3 34 2
3 35 2
3 36 2
3 37 2
3 38 2
3 39 2
3 40 2
3 41 2
3 42 2
3 43 2
3 44 2
3 45 2
3 46 2
3 47 2
3 48 2
3 49 2
3 50 2
3 51 2
3 52 2
3 53 2
3 54 2
3 55 9
3 56 9
3 57 9
3 58 9
3 59 9
3 60 9
3 61 9
3 62 9
3 63 9
3 64 9
3 65 9
3 66 9
3 67 9
3 68 9
3 69 9
3 70 9
3 71 9
3 72 9
3 73 9
3 74 9
3 75 9
3 76 9
3 77 9
3 78 9
3 79 9
3 80 9
3 81 9
3 82 9
3 83 9
3 84 9
3 85 9
3 86 9
3 87 9
3 88 9
3 89 9
3 90 9
3 91 9
3 92 9
3 93 9
3 94 9
3 95 9
3 96 9
3 97 9
3 98 9
3 99 9
3 100 9

4 1 2
4 2 2
4 3 2
4 4 2
4 5 2
4 6 2
4 7 2
4 8 2
4 9 2
4 10 2
4 11 2
4 12 2
4 13 2
4 14 2
4 15 2
4 16 2
4 17 2
4 18 2
4 19 2
4 20 2
4 21 2
4 22 2
4 23 2
4 24 2
4 25 2
4 26 2
4 27 2
4 28 2
4 29 2
4 30 2
4 31 2
4 32 2
4 33 2
4 34 2
4 35 2
4 36 2
4 37 2
4 38 2
4 39 2
4 40 2
4 41 2
4 42 2
4 43 2
4 44 2
4 45 2
4 46 2
4 47 2
4 48 2
4 49 2
4 50 2
4 51 2
4 52 2
4 53 2
4 54 2
4 55 9
4 56 9
4 57 9
4 58 9
4 59 9
4 60 9
4 61 9
4 62 9
4 63 9
4 64 9
4 65 9
4 66 9
4 67 9
4 68 9
4 69 9
4 70 9
4 71 9
4 72 9
4 73 9
4 74 9
4 75 9
4 76 9
4 77 9
4 78 9
4 79 9
4 80 9
4 81 9
4 82 9
4 83 9
4 84 9
4 85 9
4 86 9
4 87 9
4 88 9
4 89 9
4 90 9
4 91 9
4 92 9
4 93 9
4 94 9
4 95 9
4 96 9
4 97 9
4 98 9
4 99 9
4 100 9

5 1 2
5 2 2
5 3 2
5 4 2
5 5 2
5 6 2
5 7 2
5 8 2
5 9 2
5 10 2
5 11 2
5 12 2
5 13 2
5 14 2
5 15 2
5 16 2
5 17 2
5 18 2
5 19 2
5 20 2
5 21 2
5 22 2
5 23 2
5 24 2
5 25 2
5 26 2
5 27 2
5 28 2
5 29 2
5 30 2
5 31 2
5 32 2
5 33 2
5 34 2
5 35 2
5 36 2
5 37 2
5 38 2
5 39 2
5 40 2
5 41 2
5 42 2
5 43 2
5 44 2
5 45 2
5 46 2
5 47 2
5 48 2
5 49 2
5 50 2
5 51 2
5 52 2
5 53 2
5 54 2
5 55 9
5 56 9
5 57 9
5 58 9
5 59 9
5 60 9
5 61 9
5 62 9
5 63 9
5 64 9
5 65 9
5 66 9
5 67 9
5 68 9
5 69 9
5 70 9
5 71 9
5 72 9
5 73 9
5 74 9
5 75 9
5 76 9
5 77 9
5 78 9
5 79 9
5 80 9
5 81 9
5 82 9
5 83 9
5 84 9
5 85 9
5 86 9
5 87 9
5 88 9
5 89 9
5 90 9
5 91 9
5 92 9
5 93 9
5 94 9
5 95 9
5 96 9
5 97 9
5 98 9
5 99 9
5 100 9

6 1 2
6 2 2
6 3 2
6 4 2
6 5 2
6 6 2
6 7 2
6 8 2
6 9 2
6 10 2
6 11 2
6 12 2
6 13 2
6 14 2
6 15 2
6 16 2
6 17 2
6 18 2
6 19 2
6 20 2
6 21 2
6 22 2
6 23 2
6 24 2
6 25 2
6 26 2
6 27 2
6 28 2
6 29 2
6 30 2
6 31 2
6 32 2
6 33 2
6 34 2
6 35 2
6 36 2
6 37 2
6 38 2
6 39 2
6 40 2
6 41 2
6 42 2
6 43 2
6 44 2
6 45 2
6 46 2
6 47 2
6 48 2
6 49 2
6 50 2
6 51 2
6 52 2
6 53 2
6 54 2
6 55 9
6 56 9
6 57 9
6 58 9
6 59 9
6 60 9
6 61 9
6 62 9
6 63 9
6 64 9
6 65 9
6 66 9
6 67 9
6 68 9
6 69 9
6 70 9
6 71 9
6 72 9
6 73 9
6 74 9
6 75 9
6 76 9
6 77 9
6 78 9
6 79 9
6 80 9
6 81 9
6 82 9
6 83 9
6 84 9
6 85 9
6 86 9
6 87 9
6 88 9
6 89 9
6 90 9
6 91 9
6 92 9
6 93 9
6 94 9
6 95 9
6 96 9
6 97 9
6 98 9
6 99 9
6 100 9

7 1 2
7 2 2
7 3 2
7 4 2
7 5 2
7 6 2
7 7 2
7 8 2
7 9 2
7 10 2
7 11 2
7 12 2
7 13 2
7 14 2
7 15 2
7 16 2
7 17 2
7 18 2
7 19 2
7 20 2
7 21 2
7 22 2
7 23 2
7 24 2
7 25 2
7 26 2
7 27 2
7 28 2
7 29 2
7 30 2
7 31 2
7 32 2
7 33 2
7 34 2
7 35 2
7 36 2
7 37 2
7 38 2
7 39 2
7 40 2
7 41 2
7 42 2
7 43 2
7 44 2
7 45 2
7 46 2
7 47 2
7 48 2
7 49 2
7 50 2
7 51 2
7 52 2
7 53 2
7 54 2
7 55 9
7 56 9
7 57 9
7 58 9
7 59 9
7 60 9
7 61 9
7 62 9
7 63 9
7 64 9
7 65 9
7 66 9
7 67 9
7 68 9
7 69 9
7 70 9
7 71 9
7 72 9
7 73 9
7 74 9
7 75 9
7 76 9
7 77 9
7 78 9
7 79 9
7 80 9
7 81 9
7 82 9
7 83 9
7 84 9
7 85 9
7 86 9
7 87 9
7 88 9
7 89 9
7 90 9
7 91 9
7 92 9
7 93 9
7 94 9
7 95 9
7 96 9
7 97 9
7 98 9
7 99 9
7 100 9

8 1 2
8 2 2
8 3 2
8 4 2
8 5 2
8 6 2
8 7 2
8 8 2
8 9 2
8 10 2
8 11 2
8 12 2
8 13 2
8 14 2
8 15 2
8 16 2
8 17 2
8 18 2
8 19 2
8 20 2
8 21 2
8 22 2
8 23 2
8 24 2
8 25 2
8 26 2
8 27 2
8 28 2
8 29 2
8 30 2
8 31 2
8 32 2
8 33 2
8 34 2
8 35 2
8 36 2
8 37 2
8 38 2
8 39 2
8 40 2
8 41 2
8 42 2
8 43 2
8 44 2
8 45 2
8 46 2
8 47 2
8 48 2
8 49 2
8 50 2
8 51 2
8 52 2
8 53 2
8 54 2
8 55 9
8 56 9
8 57 9
8 58 9
8 59 9
8 60 9
8 61 9
8 62 9
8 63 9
8 64 9
8 65 9
8 66 9
8 67 9
8 68 9
8 69 9
8 70 9
8 71 9
8 72 9
8 73 9
8 74 9
8 75 9
8 76 9
8 77 9
8 78 9
8 79 9
8 80 9
8 81 9
8 82 9
8 83 9
8 84 9
8 85 9
8 86 9
8 87 9
8 88 9
8 89 9
8 90 9
8 91 9
8 92 9
8 93 9
8 94 9
8 95 9
8 96 9
8 97 9
8 98 9
8 99 9
8 100 9

9 1 2
9 2 2
9 3 2
9 4 2
9 5 2
9 6 2
9 7 2
9 8 2
9 9 2
9 10 2
9 11 2
9 12 2
9 13 2
9 14 2
9 15 2
9 16 2
9 17 2
9 18 2
9 19 2
9 20 2
9 21 2
9 22 2
9 23 2
9 24 2
9 25 2
9 26 2
9 27 2
9 28 2
9 29 2
9 30 2
9 31 2
9 32 2
9 33 2
9 34 2
9 35 2
9 36 2
9 37 2
9 38 2
9 39 2
9 40 2
9 41 2
9 42 2
9 43 2
9 44 2
9 45 2
9 46 2
9 47 2
9 48 2
9 49 2
9 50 2
9 51 2
9 52 2
9 53 2
9 54 2
9 55 9
9 56 9
9 57 9
9 58 9
9 59 9
9 60 9
9 61 9
9 62 9
9 63 9
9 64 9
9 65 9
9 66 9
9 67 9
9 68 9
9 69 9
9 70 9
9 71 9
9 72 9
9 73 9
9 74 9
9 75 9
9 76 9
9 77 9
9 78 9
9 79 9
9 80 9
9 81 9
9 82 9
9 83 9
9 84 9
9 85 9
9 86 9
9 87 9
9 88 9
9 89 9
9 90 9
9 91 9
9 92 9
9 93 9
9 94 9
9 95 9
9 96 9
9 97 9
9 98 9
9 99 9
9 100 9

10 1 2
10 2 2
10 3 2
10 4 2
10 5 2
10 6 2
10 7 2
10 8 2
10 9 2
10 10 2
10 11 2
10 12 2
10 13 2
10 14 2
10 15 2
10 16 2
10 17 2
10 18 2
10 19 2
10 20 2
10 21 2
10 22 2
10 23 2
10 24 2
10 25 2
10 26 2
10 27 2
10 28 2
10 29 2
10 30 2
10 31 2
10 32 2
10 33 2
10 34 2
10 35 2
10 36 2
10 37 2
10 38 2
10 39 2
10 40 2
10 41 2
10 42 2
10 43 2
10 44 2
10 45 2
10 46 2
10 47 2
10 48 2
10 49 2
10 50 2
10 51 2
10 52 2
10 53 2
10 54 2
10 55 9
10 56 9
10 57 9
10 58 9
10 59 9
10 60 9
10 61 9
10 62 9
10 63 9
10 64 9
10 65 9
10 66 9
10 67 9
10 68 9
10 69 9
10 70 9
10 71 9
10 72 9
10 73 9
10 74 9
10 75 9
10 76 9
10 77 9
10 78 9
10 79 9
10 80 9
10 81 9
10 82 9
10 83 9
10 84 9
10 85 9
10 86 9
10 87 9
10 88 9
10 89 9
10 90 9
10 91 9
10 92 9
10 93 9
10 94 9
10 95 9
10 96 9
10 97 9
10 98 9
10 99 9
10 100 9

11 1 2
11 2 2
11 3 2
11 4 2
11 5 2
11 6 2
11 7 2
11 8 2
11 9 2
11 10 2
11 11 2
11 12 2
11 13 2
11 14 2
11 15 2
11 16 2
11 17 2
11 18 2
11 19 2
11 20 2
11 21 2
11 22 2
11 23 2
11 24 2
11 25 2
11 26 2
11 27 2
11 28 2
11 29 2
11 30 2
11 31 2
11 32 2
11 33 2
11 34 2
11 35 2
11 36 2
11 37 2
11 38 2
11 39 2
11 40 2
11 41 2
11 42 2
11 43 2
11 44 2
11 45 2
11 46 2
11 47 2
11 48 2
11 49 2
11 50 2
11 51 2
11 52 2
11 53 2
11 54 2
11 55 9
11 56 9
11 57 9
11 58 9
11 59 9
11 60 9
11 61 9
11 62 9
11 63 9
11 64 9
11 65 9
11 66 9
11 67 9
11 68 9
11 69 9
11 70 9
11 71 9
11 72 9
11 73 9
11 74 9
11 75 9
11 76 9
11 77 9
11 78 9
11 79 9
11 80 9
11 81 9
11 82 9
11 83 9
11 84 9
11 85 9
11 86 9
11 87 9
11 88 9
11 89 9
11 90 9
11 91 9
11 92 9
11 93 9
11 94 9
11 95 9
11 96 9
11 97 9
11 98 9
11 99 9
11 100 9

12 1 2
12 2 2
12 3 2
12 4 2
12 5 2
12 6 2
12 7 2
12 8 2
12 9 2
12 10 2
12 11 2
12 12 2
12 13 2
12 14 2
12 15 2
12 16 2
12 17 2
12 18 2
12 19 2
12 20 2
12 21 2
12 22 2
12 23 2
12 24 2
12 25 2
12 26 2
12 27 2
12 28 2
12 29 2
12 30 2
12 31 2
12 32 2
12 33 2
12 34 2
12 35 2
12 36 2
12 37 2
12 38 2
12 39 2
12 40 2
12 41 2
12 42 2
12 43 2
12 44 2
12 45 2
12 46 2
12 47 2
12 48 2
12 49 2
12 50 2
12 51 2
12 52 2
12 53 2
12 54 2
12 55 9
12 56 9
12 57 9
12 58 9
12 59 9
12 60 9
12 61 9
12 62 9
12 63 9
12 64 9
12 65 9
12 66 9
12 67 9
12 68 9
12 69 9
12 70 9
12 71 9
12 72 9
12 73 9
12 74 9
12 75 9
12 76 9
12 77 9
12 78 9
12 79 9
12 80 9
12 81 9
12 82 9
12 83 9
12 84 9
12 85 9
12 86 9
12 87 9
12 88 9
12 89 9
12 90 9
12 91 9
12 92 9
12 93 9
12 94 9
12 95 9
12 96 9
12 97 9
12 98 9
12 99 9
12 100 9

13 1 2
13 2 2
13 3 2
13 4 2
13 5 2
13 6 2
13 7 2
13 8 2
13 9 2
13 10 2
13 11 2
13 12 2
13 13 2
13 14 2
13 15 2
13 16 2
13 17 2
13 18 2
13 19 2
13 20 2
13 21 2
13 22 2
13 23 2
13 24 2
13 25 2
13 26 2
13 27 2
13 28 2
13 29 2
13 30 2
13 31 2
13 32 2
13 33 2
13 34 2
13 35 2
13 36 2
13 37 2
13 38 2
13 39 2
13 40 2
13 41 2
13 42 2
13 43 2
13 44 2
13 45 2
13 46 2
13 47 2
13 48 2
13 49 2
13 50 2
13 51 2
13 52 2
13 53 2
13 54 2
13 55 9
13 56 9
13 57 9
13 58 9
13 59 9
13 60 9
13 61 9
13 62 9
13 63 9
13 64 9
13 65 9
13 66 9
13 67 9
13 68 9
13 69 9
13 70 9
13 71 9
13 72 9
13 73 9
13 74 9
13 75 9
13 76 9
13 77 9
13 78 9
13 79 9
13 80 9
13 81 9
13 82 9
13 83 9
13 84 9
13 85 9
13 86 9
13 87 9
13 88 9
13 89 9
13 90 9
13 91 9
13 92 9
13 93 9
13 94 9
13 95 9
13 96 9
13 97 9
13 98 9
13 99 9
13 100 9

14 1 2
14 2 2
14 3 2
14 4 2
14 5 2
14 6 2
14 7 2
14 8 2
14 9 2
14 10 2
14 11 2
14 12 2
14 13 2
14 14 2
14 15 2
14 16 2
14 17 2
14 18 2
14 19 2
14 20 2
14 21 2
14 22 2
14 23 2
14 24 2
14 25 2
14 26 2
14 27 2
14 28 2
14 29 2
14 30 2
14 31 2
14 32 2
14 33 2
14 34 2
14 35 2
14 36 2
14 37 2
14 38 2
14 39 2
14 40 2
14 41 2
14 42 2
14 43 2
14 44 2
14 45 2
14 46 2
14 47 2
14 48 2
14 49 2
14 50 2
14 51 2
14 52 2
14 53 2
14 54 2
14 55 9
14 56 9
14 57 9
14 58 9
14 59 9
14 60 9
14 61 9
14 62 9
14 63 9
14 64 9
14 65 9
14 66 9
14 67 9
14 68 9
14 69 9
14 70 9
14 71 9
14 72 9
14 73 9
14 74 9
14 75 9
14 76 9
14 77 9
14 78 9
14 79 9
14 80 9
14 81 9
14 82 9
14 83 9
14 84 9
14 85 9
14 86 9
14 87 9
14 88 9
14 89 9
14 90 9
14 91 9
14 92 9
14 93 9
14 94 9
14 95 9
14 96 9
14 97 9
14 98 9
14 99 9
14 100 9

15 1 2
15 2 2
15 3 2
15 4 2
15 5 2
15 6 2
15 7 2
15 8 2
15 9 2
15 10 2
15 11 2
15 12 2
15 13 2
15 14 2
15 15 2
15 16 2
15 17 2
15 18 2
15 19 2
15 20 2
15 21 2
15 22 2
15 23 2
15 24 2
15 25 2
15 26 2
15 27 2
15 28 2
15 29 2
15 30 2
15 31 2
15 32 2
15 33 2
15 34 2
15 35 2
15 36 2
15 37 2
15 38 2
15 39 2
15 40 2
15 41 2
15 42 2
15 43 2
15 44 2
15 45 2
15 46 2
15 47 2
15 48 2
15 49 2
15 50 2
15 51 2
15 52 2
15 53 2
15 54 2
15 55 2
15 56 9
15 57 9
15 58 9
15 59 9
15 60 9
15 61 9
15 62 9
15 63 9
15 64 9
15 65 9
15 66 9
15 67 9
15 68 9
15 69 9
15 70 9
15 71 9
15 72 9
15 73 9
15 74 9
15 75 9
15 76 9
15 77 9
15 78 9
15 79 9
15 80 9
15 81 9
15 82 9
15 83 9
15 84 9
15 85 9
15 86 9
15 87 9
15 88 9
15 89 9
15 90 9
15 91 9
15 92 9
15 93 9
15 94 9
15 95 9
15 96 9
15 97 9
15 98 9
15 99 9
15 100 9

16 1 2
16 2 2
16 3 2
16 4 2
16 5 2
16 6 2
16 7 2
16 8 2
16 9 2
16 10 2
16 11 2
16 12 2
16 13 2
16 14 2
16 15 2
16 16 2
16 17 2
16 18 2
16 19 2
16 20 2
16 21 2
16 22 2
16 23 2
16 24 2
16 25 2
16 26 2
16 27 2
16 28 2
16 29 2
16 30 2
16 31 2
16 32 2
16 33 2
16 34 2
16 35 2
16 36 2
16 37 2
16 38 2
16 39 2
16 40 2
16 41 2
16 42 2
16 43 2
16 44 2
16 45 2
16 46 2
16 47 2
16 48 2
16 49 2
16 50 2
16 51 2
16 52 2
16 53 2
16 54 2
16 55 2
16 56 9
16 57 9
16 58 9
16 59 9
16 60 9
16 61 9
16 62 9
16 63 9
16 64 9
16 65 9
16 66 9
16 67 9
16 68 9
16 69 9
16 70 9
16 71 9
16 72 9
16 73 9
16 74 9
16 75 9
16 76 9
16 77 9
16 78 9
16 79 9
16 80 9
16 81 9
16 82 9
16 83 9
16 84 9
16 85 9
16 86 9
16 87 9
16 88 9
16 89 9
16 90 9
16 91 9
16 92 9
16 93 9
16 94 9
16 95 9
16 96 9
16 97 9
16 98 9
16 99 9
16 100 9

17 1 2
17 2 2
17 3 2
17 4 2
17 5 2
17 6 2
17 7 2
17 8 2
17 9 2
17 10 2
17 11 2
17 12 2
17 13 2
17 14 2
17 15 2
17 16 2
17 17 2
17 18 2
17 19 2
17 20 2
17 21 2
17 22 2
17 23 2
17 24 2
17 25 2
17 26 2
17 27 2
17 28 2
17 29 2
17 30 2
17 31 2
17 32 2
17 33 2
17 34 2
17 35 2
17 36 2
17 37 2
17 38 2
17 39 2
17 40 2
17 41 2
17 42 2
17 43 2
17 44 2
17 45 2
17 46 2
17 47 2
17 48 2
17 49 2
17 50 2
17 51 2
17 52 2
17 53 2
17 54 2
17 55 2
17 56 9
17 57 9
17 58 9
17 59 9
17 60 9
17 61 9
17 62 9
17 63 9
17 64 9
17 65 9
17 66 9
17 67 9
17 68 9
17 69 9
17 70 9
17 71 9
17 72 9
17 73 9
17 74 9
17 75 9
17 76 9
17 77 9
17 78 9
17 79 9
17 80 9
17 81 9
17 82 9
17 83 9
17 84 9
17 85 9
17 86 9
17 87 9
17 88 9
17 89 9
17 90 9
17 91 9
17 92 9
17 93 9
17 94 9
17 95 9
17 96 9
17 97 9
17 98 9
17 99 9
17 100 9

18 1 2
18 2 2
18 3 2
18 4 2
18 5 2
18 6 2
18 7 2
18 8 2
18 9 2
18 10 2
18 11 2
18 12 2
18 13 2
18 14 2
18 15 2
18 16 2
18 17 2
18 18 2
18 19 2
18 20 2
18 21 2
18 22 2
18 23 2
18 24 2
18 25 2
18 26 2
18 27 2
18 28 2
18 29 2
18 30 2
18 31 2
18 32 2
18 33 2
18 34 2
18 35 2
18 36 2
18 37 2
18 38 2
18 39 2
18 40 2
18 41 2
18 42 2
18 43 2
18 44 2
18 45 2
18 46 2
18 47 2
18 48 2
18 49 2
18 50 2
18 51 2
18 52 2
18 53 2
18 54 2
18 55 2
18 56 9
18 57 9
18 58 9
18 59 9
18 60 9
18 61 9
18 62 9
18 63 9
18 64 9
18 65 9
18 66 9
18 67 9
18 68 9
18 69 9
18 70 9
18 71 9
18 72 9
18 73 9
18 74 9
18 75 9
18 76 9
18 77 9
18 78 9
18 79 9
18 80 9
18 81 9
18 82 9
18 83 9
18 84 9
18 85 9
18 86 9
18 87 9
18 88 9
18 89 9
18 90 9
18 91 9
18 92 9
18 93 9
18 94 9
18 95 9
18 96 9
18 97 9
18 98 9
18 99 9
18 100 9

19 1 2
19 2 2
19 3 2
19 4 2
19 5 2
19 6 2
19 7 2
19 8 2
19 9 2
19 10 2
19 11 2
19 12 2
19 13 2
19 14 2
19 15 2
19 16 2
19 17 2
19 18 2
19 19 2
19 20 2
19 21 2
19 22 2
19 23 2
19 24 2
19 25 2
19 26 2
19 27 2
19 28 2
19 29 2
19 30 2
19 31 2
19 32 2
19 33 2
19 34 2
19 35 2
19 36 2
19 37 2
19 38 2
19 39 2
19 40 2
19 41 2
19 42 2
19 43 2
19 44 2
19 45 2
19 46 2
19 47 2
19 48 2
19 49 2
19 50 2
19 51 2
19 52 2
19 53 2
19 54 2
19 55 2
19 56 9
19 57 9
19 58 9
19 59 9
19 60 9
19 61 9
19 62 9
19 63 9
19 64 9
19 65 9
19 66 9
19 67 9
19 68 9
19 69 9
19 70 9
19 71 9
19 72 9
19 73 9
19 74 9
19 75 9
19 76 9
19 77 9
19 78 9
19 79 9
19 80 9
19 81 9
19 82 9
19 83 9
19 84 9
19 85 9
19 86 9
19 87 9
19 88 9
19 89 9
19 90 9
19 91 9
19 92 9
19 93 9
19 94 9
19 95 9
19 96 9
19 97 9
19 98 9
19 99 9
19 100 9

20 1 2
20 2 2
20 3 2
20 4 2
20 5 2
20 6 2
20 7 2
20 8 2
20 9 2
20 10 2
20 11 2
20 12 2
20 13 2
20 14 2
20 15 2
20 16 2
20 17 2
20 18 2
20 19 2
20 20 2
20 21 2
20 22 2
20 23 2
20 24 2
20 25 2
20 26 2
20 27 2
20 28 2
20 29 2
20 30 2
20 31 2
20 32 2
20 33 2
20 34 2
20 35 2
20 36 2
20 37 2
20 38 2
20 39 2
20 40 2
20 41 2
20 42 2
20 43 2
20 44 2
20 45 2
20 46 2
20 47 2
20 48 2
20 49 2
20 50 2
20 51 2
20 52 2
20 53 2
20 54 2
20 55 2
20 56 9
20 57 9
20 58 9
20 59 9
20 60 9
20 61 9
20 62 9
20 63 9
20 64 9
20 65 9
20 66 9
20 67 9
20 68 9
20 69 9
20 70 9
20 71 9
20 72 9
20 73 9
20 74 9
20 75 9
20 76 9
20 77 9
20 78 9
20 79 9
20 80 9
20 81 9
20 82 9
20 83 9
20 84 9
20 85 9
20 86 9
20 87 9
20 88 9
20 89 9
20 90 9
20 91 9
20 92 9
20 93 9
20 94 9
20 95 9
20 96 9
20 97 9
20 98 9
20 99 9
20 100 9

21 1 2
21 2 2
21 3 2
21 4 2
21 5 2
21 6 2
21 7 2
21 8 2
21 9 2
21 10 2
21 11 2
21 12 2
21 13 2
21 14 2
21 15 2
21 16 2
21 17 2
21 18 2
21 19 2
21 20 2
21 21 2
21 22 2
21 23 2
21 24 2
21 25 2
21 26 2
21 27 2
21 28 2
21 29 2
21 30 2
21 31 2
21 32 2
21 33 2
21 34 2
21 35 2
21 36 2
21 37 2
21 38 2
21 39 2
21 40 2
21 41 2
21 42 2
21 43 2
21 44 2
21 45 2
21 46 2
21 47 2
21 48 2
21 49 2
21 50 2
21 51 2
21 52 2
21 53 2
21 54 2
21 55 2
21 56 2
21 57 9
21 58 9
21 59 9
21 60 9
21 61 9
21 62 9
21 63 9
21 64 9
21 65 9
21 66 9
21 67 9
21 68 9
21 69 9
21 70 9
21 71 9
21 72 9
21 73 9
21 74 9
21 75 9
21 76 9
21 77 9
21 78 9
21 79 9
21 80 9
21 81 9
21 82 9
21 83 9
21 84 9
21 85 9
21 86 9
21 87 9
21 88 9
21 89 9
21 90 9
21 91 9
21 92 9
21 93 9
21 94 9
21 95 9
21 96 9
21 97 9
21 98 9
21 99 9
21 100 9

22 1 2
22 2 2
22 3 2
22 4 2
22 5 2
22 6 2
22 7 2
22 8 2
22 9 2
22 10 2
22 11 2
22 12 2
22 13 2
22 14 2
22 15 2
22 16 2
22 17 2
22 18 2
22 19 2
22 20 2
22 21 2
22 22 2
22 23 2
22 24 2
22 25 2
22 26 2
22 27 2
22 28 2
22 29 2
22 30 2
22 31 2
22 32 2
22 33 2
22 34 2
22 35 2
22 36 2
22 37 2
22 38 2
22 39 2
22 40 2
22 41 2
22 42 2
22 43 2
22 44 2
22 45 2
22 46 2
22 47 2
22 48 2
22 49 2
22 50 2
22 51 2
22 52 2
22 53 2
22 54 2
22 55 2
22 56 2
22 57 9
22 58 9
22 59 9
22 60 9
22 61 9
22 62 9
22 63 9
22 64 9
22 65 9
22 66 9
22 67 9
22 68 9
22 69 9
22 70 9
22 71 9
22 72 9
22 73 9
22 74 9
22 75 9
22 76 9
22 77 9
22 78 9
22 79 9
22 80 9
22 81 9
22 82 9
22 83 9
22 84 9
22 85 9
22 86 9
22 87 9
22 88 9
22 89 9
22 90 9
22 91 9
22 92 9
22 93 9
22 94 9
22 95 9
22 96 9
22 97 9
22 98 9
22 99 9
22 100 9

23 1 2
23 2 2
23 3 2
23 4 2
23 5 2
23 6 2
23 7 2
23 8 2
23 9 2
23 10 2
23 11 2
23 12 2
23 13 2
23 14 2
23 15 2
23 16 2
23 17 2
23 18 2
23 19 2
23 20 2
23 21 2
23 22 2
23 23 2
23 24 2
23 25 2
23 26 2
23 27 2
23 28 2
23 29 2
23 30 2
23 31 2
23 32 2
23 33 2
23 34 2
23 35 2
23 36 2
23 37 2
23 38 2
23 39 2
23 40 2
23 41 2
23 42 2
23 43 2
23 44 2
23 45 2
23 46 2
23 47 2
23 48 2
23 49 2
23 50 2
23 51 2
23 52 2
23 53 2
23 54 2
23 55 2
23 56 2
23 57 9
23 58 9
23 59 9
23 60 9
23 61 9
23 62 9
23 63 9
23 64 9
23 65 9
23 66 9
23 67 9
23 68 9
23 69 9
23 70 9
23 71 9
23 72 9
23 73 9
23 74 9
23 75 9
23 76 9
23 77 9
23 78 9
23 79 9
23 80 9
23 81 9
23 82 9
23 83 9
23 84 9
23 85 9
23 86 9
23 87 9
23 88 9
23 89 9
23 90 9
23 91 9
23 92 9
23 93 9
23 94 9
23 95 9
23 96 9
23 97 9
23 98 9
23 99 9
23 100 9

24 1 2
24 2 2
24 3 2
24 4 2
24 5 2
24 6 2
24 7 2
24 8 2
24 9 2
24 10 2
24 11 2
24 12 2
24 13 2
24 14 2
24 15 2
24 16 2
24 17 2
24 18 2
24 19 2
24 20 2
24 21 2
24 22 2
24 23 2
24 24 2
24 25 2
24 26 2
24 27 2
24 28 2
24 29 2
24 30 2
24 31 2
24 32 2
24 33 2
24 34 2
24 35 2
24 36 2
24 37 2
24 38 2
24 39 2
24 40 2
24 41 2
24 42 2
24 43 2
24 44 2
24 45 2
24 46 2
24 47 2
24 48 2
24 49 2
24 50 2
24 51 2
24 52 2
24 53 2
24 54 2
24 55 2
24 56 2
24 57 9
24 58 9
24 59 9
24 60 9
24 61 9
24 62 9
24 63 9
24 64 9
24 65 9
24 66 9
24 67 9
24 68 9
24 69 9
24 70 9
24 71 9
24 72 9
24 73 9
24 74 9
24 75 9
24 76 9
24 77 9
24 78 9
24 79 9
24 80 9
24 81 9
24 82 9
24 83 9
24 84 9
24 85 9
24 86 9
24 87 9
24 88 9
24 89 9
24 90 9
24 91 9
24 92 9
24 93 9
24 94 9
24 95 9
24 96 9
24 97 9
24 98 9
24 99 9
24 100 9

25 1 2
25 2 2
25 3 2
25 4 2
25 5 2
25 6 2
25 7 2
25 8 2
25 9 2
25 10 2
25 11 2
25 12 2
25 13 2
25 14 2
25 15 2
25 16 2
25 17 2
25 18 2
25 19 2
25 20 2
25 21 2
25 22 2
25 23 2
25 24 2
25 25 2
25 26 2
25 27 2
25 28 2
25 29 2
25 30 2
25 31 2
25 32 2
25 33 2
25 34 2
25 35 2
25 36 2
25 37 2
25 38 2
25 39 2
25 40 2
25 41 2
25 42 2
25 43 2
25 44 2
25 45 2
25 46 2
25 47 2
25 48 2
25 49 2
25 50 2
25 51 2
25 52 2
25 53 2
25 54 2
25 55 2
25 56 2
25 57 9
25 58 9
25 59 9
25 60 9
25 61 9
25 62 9
25 63 9
25 64 9
25 65 9
25 66 9
25 67 9
25 68 9
25 69 9
25 70 9
25 71 9
25 72 9
25 73 9
25 74 9
25 75 9
25 76 9
25 77 9
25 78 9
25 79 9
25 80 9
25 81 9
25 82 9
25 83 9
25 84 9
25 85 9
25 86 9
25 87 9
25 88 9
25 89 9
25 90 9
25 91 9
25 92 9
25 93 9
25 94 9
25 95 9
25 96 9
25 97 9
25 98 9
25 99 9
25 100 9

26 1 2
26 2 2
26 3 2
26 4 2
26 5 2
26 6 2
26 7 2
26 8 2
26 9 2
26 10 2
26 11 2
26 12 2
26 13 2
26 14 2
26 15 2
26 16 2
26 17 2
26 18 2
26 19 2
26 20 2
26 21 2
26 22 2
26 23 2
26 24 2
26 25 2
26 26 2
26 27 2
26 28 2
26 29 2
26 30 2
26 31 2
26 32 2
26 33 2
26 34 2
26 35 2
26 36 2
26 37 2
26 38 2
26 39 2
26 40 2
26 41 2
26 42 2
26 43 2
26 44 2
26 45 2
26 46 2
26 47 2
26 48 2
26 49 2
26 50 2
26 51 2
26 52 2
26 53 2
26 54 2
26 55 2
26 56 2
26 57 2
26 58 9
26 59 9
26 60 9
26 61 9
26 62 9
26 63 9
26 64 9
26 65 9
26 66 9
26 67 9
26 68 9
26 69 9
26 70 9
26 71 9
26 72 9
26 73 9
26 74 9
26 75 9
26 76 9
26 77 9
26 78 9
26 79 9
26 80 9
26 81 9
26 82 9
26 83 9
26 84 9
26 85 9
26 86 9
26 87 9
26 88 9
26 89 9
26 90 9
26 91 9
26 92 9
26 93 9
26 94 9
26 95 9
26 96 9
26 97 9
26 98 9
26 99 9
26 100 9

27 1 2
27 2 2
27 3 2
27 4 2
27 5 2
27 6 2
27 7 2
27 8 2
27 9 2
27 10 2
27 11 2
27 12 2
27 13 2
27 14 2
27 15 2
27 16 2
27 17 2
27 18 2
27 19 2
27 20 2
27 21 2
27 22 2
27 23 2
27 24 2
27 25 2
27 26 2
27 27 2
27 28 2
27 29 2
27 30 2
27 31 2
27 32 2
27 33 2
27 34 2
27 35 2
27 36 2
27 37 2
27 38 2
27 39 2
27 40 2
27 41 2
27 42 2
27 43 2
27 44 2
27 45 2
27 46 2
27 47 2
27 48 2
27 49 2
27 50 2
27 51 2
27 52 2
27 53 2
27 54 2
27 55 2
27 56 2
27 57 2
27 58 9
27 59 9
27 60 9
27 61 9
27 62 9
27 63 9
27 64 9
27 65 9
27 66 9
27 67 9
27 68 9
27 69 9
27 70 9
27 71 9
27 72 9
27 73 9
27 74 9
27 75 9
27 76 9
27 77 9
27 78 9
27 79 9
27 80 9
27 81 9
27 82 9
27 83 9
27 84 9
27 85 9
27 86 9
27 87 9
27 88 9
27 89 9
27 90 9
27 91 9
27 92 9
27 93 9
27 94 9
27 95 9
27 96 9
27 97 9
27 98 9
27 99 9
27 100 9

28 1 2
28 2 2
28 3 2
28 4 2
28 5 2
28 6 2
28 7 2
28 8 2
28 9 2
28 10 2
28 11 2
28 12 2
28 13 2
28 14 2
28 15 2
28 16 2
28 17 2
28 18 2
28 19 2
28 20 2
28 21 2
28 22 2
28 23 2
28 24 2
28 25 2
28 26 2
28 27 2
28 28 2
28 29 2
28 30 2
28 31 2
28 32 2
28 33 2
28 34 2
28 35 2
28 36 2
28 37 2
28 38 2
28 39 2
28 40 2
28 41 2
28 42 2
28 43 2
28 44 2
28 45 2
28 46 2
28 47 2
28 48 2
28 49 2
28 50 2
28 51 2
28 52 2
28 53 2
28 54 2
28 55 2
28 56 2
28 57 2
28 58 9
28 59 9
28 60 9
28 61 9
28 62 9
28 63 9
28 64 9
28 65 9
28 66 9
28 67 9
28 68 9
28 69 9
28 70 9
28 71 9
28 72 9
28 73 9
28 74 9
28 75 9
28 76 9
28 77 9
28 78 9
28 79 9
28 80 9
28 81 9
28 82 9
28 83 9
28 84 9
28 85 9
28 86 9
28 87 9
28 88 9
28 89 9
28 90 9
28 91 9
28 92 9
28 93 9
28 94 9
28 95 9
28 96 9
28 97 9
28 98 9
28 99 9
28 100 9

29 1 2
29 2 2
29 3 2
29 4 2
29 5 2
29 6 2
29 7 2
29 8 2
29 9 2
29 10 2
29 11 2
29 12 2
29 13 2
29 14 2
29 15 2
29 16 2
29 17 2
29 18 2
29 19 2
29 20 2
29 21 2
29 22 2
29 23 2
29 24 2
29 25 2
29 26 2
29 27 2
29 28 2
29 29 2
29 30 2
29 31 2
29 32 2
29 33 2
29 34 2
29 35 2
29 36 2
29 37 2
29 38 2
29 39 2
29 40 2
29 41 2
29 42 2
29 43 2
29 44 2
29 45 2
29 46 2
29 47 2
29 48 2
29 49 2
29 50 2
29 51 2
29 52 2
29 53 2
29 54 2
29 55 2
29 56 2
29 57 2
29 58 9
29 59 9
29 60 9
29 61 9
29 62 9
29 63 9
29 64 9
29 65 9
29 66 9
29 67 9
29 68 9
29 69 9
29 70 9
29 71 9
29 72 9
29 73 9
29 74 9
29 75 9
29 76 9
29 77 9
29 78 9
29 79 9
29 80 9
29 81 9
29 82 9
29 83 9
29 84 9
29 85 9
29 86 9
29 87 9
29 88 9
29 89 9
29 90 9
29 91 9
29 92 9
29 93 9
29 94 9
29 95 9
29 96 9
29 97 9
29 98 9
29 99 9
29 100 9

30 1 2
30 2 2
30 3 2
30 4 2
30 5 2
30 6 2
30 7 2
30 8 2
30 9 2
30 10 2
30 11 2
30 12 2
30 13 2
30 14 2
30 15 2
30 16 2
30 17 2
30 18 2
30 19 2
30 20 2
30 21 2
30 22 2
30 23 2
30 24 2
30 25 2
30 26 2
30 27 2
30 28 2
30 29 2
30 30 2
30 31 2
30 32 2
30 33 2
30 34 2
30 35 2
30 36 2
30 37 2
30 38 2
30 39 2
30 40 2
30 41 2
30 42 2
30 43 2
30 44 2
30 45 2
30 46 2
30 47 2
30 48 2
30 49 2
30 50 2
30 51 2
30 52 2
30 53 2
30 54 2
30 55 2
30 56 2
30 57 2
30 58 2
30 59 9
30 60 9
30 61 9
30 62 9
30 63 9
30 64 9
30 65 9
30 66 9
30 67 9
30 68 9
30 69 9
30 70 9
30 71 9
30 72 9
30 73 9
30 74 9
30 75 9
30 76 9
30 77 9
30 78 9
30 79 9
30 80 9
30 81 9
30 82 9
30 83 9
30 84 9
30 85 9
30 86 9
30 87 9
30 88 9
30 89 9
30 90 9
30 91 9
30 92 9
30 93 9
30 94 9
30 95 9
30 96 9
30 97 9
30 98 9
30 99 9
30 100 9

31 1 2
31 2 2
31 3 2
31 4 2
31 5 2
31 6 2
31 7 2
31 8 2
31 9 2
31 10 2
31 11 2
31 12 2
31 13 2
31 14 2
31 15 2
31 16 2
31 17 2
31 18 2
31 19 2
31 20 2
31 21 2
31 22 2
31 23 2
31 24 2
31 25 2
31 26 2
31 27 2
31 28 2
31 29 2
31 30 2
31 31 2
31 32 2
31 33 2
31 34 2
31 35 2
31 36 2
31 37 2
31 38 2
31 39 2
31 40 2
31 41 2
31 42 2
31 43 2
31 44 2
31 45 2
31 46 2
31 47 2
31 48 2
31 49 2
31 50 2
31 51 2
31 52 2
31 53 2
31 54 2
31 55 2
31 56 2
31 57 2
31 58 2
31 59 9
31 60 9
31 61 9
31 62 9
31 63 9
31 64 9
31 65 9
31 66 9
31 67 9
31 68 9
31 69 9
31 70 9
31 71 9
31 72 9
31 73 9
31 74 9
31 75 9
31 76 9
31 77 9
31 78 9
31 79 9
31 80 9
31 81 9
31 82 9
31 83 9
31 84 9
31 85 9
31 86 9
31 87 9
31 88 9
31 89 9
31 90 9
31 91 9
31 92 9
31 93 9
31 94 9
31 95 9
31 96 9
31 97 9
31 98 9
31 99 9
31 100 9

32 1 2
32 2 2
32 3 2
32 4 2
32 5 2
32 6 2
32 7 2
32 8 2
32 9 2
32 10 2
32 11 2
32 12 2
32 13 2
32 14 2
32 15 2
32 16 2
32 17 2
32 18 2
32 19 2
32 20 2
32 21 2
32 22 2
32 23 2
32 24 2
32 25 2
32 26 2
32 27 2
32 28 2
32 29 2
32 30 2
32 31 2
32 32 2
32 33 2
32 34 2
32 35 2
32 36 2
32 37 2
32 38 2
32 39 2
32 40 2
32 41 2
32 42 2
32 43 2
32 44 2
32 45 2
32 46 2
32 47 2
32 48 2
32 49 2
32 50 2
32 51 2
32 52 2
32 53 2
32 54 2
32 55 2
32 56 2
32 57 2
32 58 2
32 59 9
32 60 9
32 61 9
32 62 9
32 63 9
32 64 9
32 65 9
32 66 9
32 67 9
32 68 9
32 69 9
32 70 9
32 71 9
32 72 9
32 73 9
32 74 9
32 75 9
32 76 9
32 77 9
32 78 9
32 79 9
32 80 9
32 81 9
32 82 9
32 83 9
32 84 9
32 85 9
32 86 9
32 87 9
32 88 9
32 89 9
32 90 9
32 91 9
32 92 9
32 93 9
32 94 9
32 95 9
32 96 9
32 97 9
32 98 9
32 99 9
32 100 9

33 1 2
33 2 2
33 3 2
33 4 2
33 5 2
33 6 2
33 7 2
33 8 2
33 9 2
33 10 2
33 11 2
33 12 2
33 13 2
33 14 2
33 15 2
33 16 2
33 17 2
33 18 2
33 19 2
33 20 2
33 21 2
33 22 2
33 23 2
33 24 2
33 25 2
33 26 2
33 27 2
33 28 2
33 29 2
33 30 2
33 31 2
33 32 2
33 33 2
33 34 2
33 35 2
33 36 2
33 37 2
33 38 2
33 39 2
33 40 2
33 41 2
33 42 2
33 43 2
33 44 2
33 45 2
33 46 2
33 47 2
33 48 2
33 49 2
33 50 2
33 51 2
33 52 2
33 53 2
33 54 2
33 55 2
33 56 2
33 57 2
33 58 2
33 59 2
33 60 9
33 61 9
33 62 9
33 63 9
33 64 9
33 65 9
33 66 9
33 67 9
33 68 9
33 69 9
33 70 9
33 71 9
33 72 9
33 73 9
33 74 9
33 75 9
33 76 9
33 77 9
33 78 9
33 79 9
33 80 9
33 81 9
33 82 9
33 83 9
33 84 9
33 85 9
33 86 9
33 87 9
33 88 9
33 89 9
33 90 9
33 91 9
33 92 9
33 93 9
33 94 9
33 95 9
33 96 9
33 97 9
33 98 9
33 99 9
33 100 9

34 1 2
34 2 2
34 3 2
34 4 2
34 5 2
34 6 2
34 7 2
34 8 2
34 9 2
34 10 2
34 11 2
34 12 2
34 13 2
34 14 2
34 15 2
34 16 2
34 17 2
34 18 2
34 19 2
34 20 2
34 21 2
34 22 2
34 23 2
34 24 2
34 25 2
34 26 2
34 27 2
34 28 2
34 29 2
34 30 2
34 31 2
34 32 2
34 33 2
34 34 2
34 35 2
34 36 2
34 37 2
34 38 2
34 39 2
34 40 2
34 41 2
34 42 2
34 43 2
34 44 2
34 45 2
34 46 2
34 47 2
34 48 2
34 49 2
34 50 2
34 51 2
34 52 2
34 53 2
34 54 2
34 55 2
34 56 2
34 57 2
34 58 2
34 59 2
34 60 9
34 61 9
34 62 9
34 63 9
34 64 9
34 65 9
34 66 9
34 67 9
34 68 9
34 69 9
34 70 9
34 71 9
34 72 9
34 73 9
34 74 9
34 75 9
34 76 9
34 77 9
34 78 9
34 79 9
34 80 9
34 81 9
34 82 9
34 83 9
34 84 9
34 85 9
34 86 9
34 87 9
34 88 9
34 89 9
34 90 9
34 91 9
34 92 9
34 93 9
34 94 9
34 95 9
34 96 9
34 97 9
34 98 9
34 99 9
34 100 9

35 1 2
35 2 2
35 3 2
35 4 2
35 5 2
35 6 2
35 7 2
35 8 2
35 9 2
35 10 2
35 11 2
35 12 2
35 13 2
35 14 2
35 15 2
35 16 2
35 17 2
35 18 2
35 19 2
35 20 2
35 21 2
35 22 2
35 23 2
35 24 2
35 25 2
35 26 2
35 27 2
35 28 2
35 29 2
35 30 2
35 31 2
35 32 2
35 33 2
35 34 2
35 35 2
35 36 2
35 37 2
35 38 2
35 39 2
35 40 2
35 41 2
35 42 2
35 43 2
35 44 2
35 45 2
35 46 2
35 47 2
35 48 2
35 49 2
35 50 2
35 51 2
35 52 2
35 53 2
35 54 2
35 55 2
35 56 2
35 57 2
35 58 2
35 59 2
35 60 9
35 61 9
35 62 9
35 63 9
35 64 9
35 65 9
35 66 9
35 67 9
35 68 9
35 69 9
35 70 9
35 71 9
35 72 9
35 73 9
35 74 9
35 75 9
35 76 9
35 77 9
35 78 9
35 79 9
35 80 9
35 81 9
35 82 9
35 83 9
35 84 9
35 85 9
35 86 9
35 87 9
35 88 9
35 89 9
35 90 9
35 91 9
35 92 9
35 93 9
35 94 9
35 95 9
35 96 9
35 97 9
35 98 9
35 99 9
35 100 9

36 1 2
36 2 2
36 3 2
36 4 2
36 5 2
36 6 2
36 7 2
36 8 2
36 9 2
36 10 2
36 11 2
36 12 2
36 13 2
36 14 2
36 15 2
36 16 2
36 17 2
36 18 2
36 19 2
36 20 2
36 21 2
36 22 2
36 23 2
36 24 2
36 25 2
36 26 2
36 27 2
36 28 2
36 29 2
36 30 2
36 31 2
36 32 2
36 33 2
36 34 2
36 35 2
36 36 2
36 37 2
36 38 2
36 39 2
36 40 2
36 41 2
36 42 2
36 43 2
36 44 2
36 45 2
36 46 2
36 47 2
36 48 2
36 49 2
36 50 2
36 51 2
36 52 2
36 53 2
36 54 2
36 55 2
36 56 2
36 57 2
36 58 2
36 59 2
36 60 1
36 61 1
36 62 9
36 63 9
36 64 9
36 65 9
36 66 9
36 67 9
36 68 9
36 69 9
36 70 9
36 71 9
36 72 9
36 73 9
36 74 9
36 75 9
36 76 9
36 77 9
36 78 9
36 79 9
36 80 9
36 81 9
36 82 9
36 83 9
36 84 9
36 85 9
36 86 9
36 87 9
36 88 9
36 89 9
36 90 9
36 91 9
36 92 9
36 93 9
36 94 9
36 95 9
36 96 5
36 97 5
36 98 5
36 99 5
36 100 5

37 1 2
37 2 2
37 3 2
37 4 2
37 5 2
37 6 2
37 7 2
37 8 2
37 9 2
37 10 2
37 11 2
37 12 2
37 13 2
37 14 2
37 15 2
37 16 2
37 17 2
37 18 2
37 19 2
37 20 2
37 21 2
37 22 2
37 23 2
37 24 2
37 25 2
37 26 2
37 27 2
37 28 2
37 29 2
37 30 2
37 31 2
37 32 2
37 33 2
37 34 2
37 35 2
37 36 2
37 37 2
37 38 2
37 39 2
37 40 2
37 41 2
37 42 2
37 43 2
37 44 2
37 45 2
37 46 2
37 47 2
37 48 2
37 49 2
37 50 2
37 51 2
37 52 2
37 53 2
37 54 2
37 55 2
37 56 2
37 57 2
37 58 2
37 59 1
37 60 1
37 61 1
37 62 1
37 63 1
37 64 1
37 65 1
37 66 1
37 67 9
37 68 9
37 69 9
37 70 9
37 71 9
37 72 9
37 73 9
37 74 9
37 75 9
37 76 9
37 77 9
37 78 9
37 79 9
37 80 9
37 81 9
37 82 9
37 83 9
37 84 9
37 85 9
37 86 9
37 87 9
37 88 9
37 89 9
37 90 9
37 91 9
37 92 9
37 93 5
37 94 5
37 95 5
37 96 5
37 97 5
37 98 5
37 99 5
37 100 5

38 1 2
38 2 2
38 3 2
38 4 2
38 5 2
38 6 2
38 7 2
38 8 2
38 9 2
38 10 2
38 11 2
38 12 2
38 13 2
38 14 2
38 15 2
38 16 2
38 17 2
38 18 2
38 19 2
38 20 2
38 21 2
38 22 2
38 23 2
38 24 2
38 25 2
38 26 2
38 27 2
38 28 2
38 29 2
38 30 2
38 31 2
38 32 2
38 33 2
38 34 2
38 35 2
38 36 2
38 37 2
38 38 2
38 39 2
38 40 2
38 41 2
38 42 2
38 43 2
38 44 2
38 45 2
38 46 2
38 47 2
38 48 2
38 49 2
38 50 2
38 51 2
38 52 2
38 53 2
38 54 2
38 55 2
38 56 2
38 57 2
38 58 2
38 59 1
38 60 1
38 61 1
38 62 1
38 63 1
38 64 1
38 65 1
38 66 1
38 67 1
38 68 1
38 69 1
38 70 1
38 71 1
38 72 9
38 73 9
38 74 9
38 75 9
38 76 9
38 77 9
38 78 9
38 79 9
38 80 9
38 81 9
38 82 9
38 83 9
38 84 9
38 85 9
38 86 9
38 87 9
38 88 9
38 89 9
38 90 5
38 91 5
38 92 5
38 93 5
38 94 5
38 95 5
38 96 5
38 97 5
38 98 5
38 99 5
38 100 5

39 1 2
39 2 2
39 3 2
39 4 2
39 5 2
39 6 2
39 7 2
39 8 2
39 9 2
39 10 2
39 11 2
39 12 2
39 13 2
39 14 2
39 15 2
39 16 2
39 17 2
39 18 2
39 19 2
39 20 2
39 21 2
39 22 2
39 23 2
39 24 2
39 25 2
39 26 2
39 27 2
39 28 2
39 29 2
39 30 2
39 31 2
39 32 2
39 33 2
39 34 2
39 35 2
39 36 2
39 37 2
39 38 2
39 39 2
39 40 2
39 41 2
39 42 2
39 43 2
39 44 2
39 45 2
39 46 2
39 47 2
39 48 2
39 49 2
39 50 2
39 51 2
39 52 2
39 53 2
39 54 2
39 55 2
39 56 2
39 57 2
39 58 1
39 59 1
39 60 1
39 61 1
39 62 1
39 63 1
39 64 1
39 65 1
39 66 1
39 67 1
39 68 1
39 69 1
39 70 1
39 71 1
39 72 1
39 73 1
39 74 1
39 75 1
39 76 1
39 77 9
39 78 9
39 79 9
39 80 9
39 81 9
39 82 9
39 83 9
39 84 9
39 85 9
39 86 9
39 87 9
39 88 9
39 89 5
39 90 5
39 91 5
39 92 5
39 93 5
39 94 5
39 95 5
39 96 5
39 97 5
39 98 5
39 99 5
39 100 5

40 1 2
40 2 2
40 3 2
40 4 2
40 5 2
40 6 2
40 7 2
40 8 2
40 9 2
40 10 2
40 11 2
40 12 2
40 13 2
40 14 2
40 15 2
40 16 2
40 17 2
40 18 2
40 19 2
40 20 2
40 21 2
40 22 2
40 23 2
40 24 2
40 25 2
40 26 2
40 27 2
40 28 2
40 29 2
40 30 2
40 31 2
40 32 2
40 33 2
40 34 2
40 35 2
40 36 2
40 37 2
40 38 2
40 39 2
40 40 2
40 41 2
40 42 2
40 43 2
40 44 2
40 45 2
40 46 2
40 47 2
40 48 2
40 49 2
40 50 2
40 51 2
40 52 2
40 53 2
40 54 2
40 55 2
40 56 2
40 57 1
40 58 1
40 59 1
40 60 1
40 61 1
40 62 1
40 63 1
40 64 1
40 65 1
40 66 1
40 67 1
40 68 1
40 69 1
40 70 1
40 71 1
40 72 1
40 73 1
40 74 1
40 75 1
40 76 1
40 77 1
40 78 1
40 79 1
40 80 1
40 81 9
40 82 9
40 83 9
40 84 9
40 85 9
40 86 9
40 87 5
40 88 5
40 89 5
40 90 5
40 91 5
40 92 5
40 93 5
40 94 5
40 95 5
40 96 5
40 97 5
40 98 5
40 99 5
40 100 5

41 1 2
41 2 2
41 3 2
41 4 2
41 5 2
41 6 2
41 7 2
41 8 2
41 9 2
41 10 2
41 11 2
41 12 2
41 13 2
41 14 2
41 15 2
41 16 2
41 17 2
41 18 2
41 19 2
41 20 2
41 21 2
41 22 2
41 23 2
41 24 2
41 25 2
41 26 2
41 27 2
41 28 2
41 29 2
41 30 2
41 31 2
41 32 2
41 33 2
41 34 2
41 35 2
41 36 2
41 37 2
41 38 2
41 39 2
41 40 2
41 41 2
41 42 2
41 43 2
41 44 2
41 45 2
41 46 2
41 47 2
41 48 2
41 49 2
41 50 2
41 51 2
41 52 2
41 53 2
41 54 2
41 55 2
41 56 1
41 57 1
41 58 1
41 59 1
41 60 1
41 61 1
41 62 1
41 63 1
41 64 1
41 65 1
41 66 1
41 67 1
41 68 1
41 69 1
41 70 1
41 71 1
41 72 1
41 73 1
41 74 1
41 75 1
41 76 1
41 77 1
41 78 1
41 79 1
41 80 1
41 81 1
41 82 1
41 83 1
41 84 1
41 85 9
41 86 5
41 87 5
41 88 5
41 89 5
41 90 5
41 91 5
41 92 5
41 93 5
41 94 5
41 95 5
41 96 5
41 97 5
41 98 5
41 99 5
41 100 5

42 1 2
42 2 2
42 3 2
42 4 2
42 5 2
42 6 2
42 7 2
42 8 2
42 9 2
42 10 2
42 11 2
42 12 2
42 13 2
42 14 2
42 15 2
42 16 2
42 17 2
42 18 2
42 19 2
42 20 2
42 21 2
42 22 2
42 23 2
42 24 2
42 25 2
42 26 2
42 27 2
42 28 2
42 29 2
42 30 2
42 31 2
42 32 2
42 33 2
42 34 2
42 35 2
42 36 2
42 37 2
42 38 2
42 39 2
42 40 2
42 41 2
42 42 2
42 43 2
42 44 2
42 45 2
42 46 2
42 47 2
42 48 2
42 49 2
42 50 2
42 51 2
42 52 2
42 53 2
42 54 2
42 55 2
42 56 1
42 57 1
42 58 1
42 59 1
42 60 1
42 61 1
42 62 1
42 63 1
42 64 1
42 65 1
42 66 1
42 67 1
42 68 1
42 69 1
42 70 1
42 71 1
42 72 1
42 73 1
42 74 1
42 75 1
42 76 1
42 77 1
42 78 1
42 79 1
42 80 1
42 81 1
42 82 1
42 83 1
42 84 1
42 85 1
42 86 5
42 87 5
42 88 5
42 89 5
42 90 5
42 91 5
42 92 5
42 93 5
42 94 5
42 95 5
42 96 5
42 97 5
42 98 5
42 99 5
42 100 5

43 1 2
43 2 2
43 3 2
43 4 2
43 5 2
43 6 2
43 7 2
43 8 2
43 9 2
43 10 2
43 11 2
43 12 2
43 13 2
43 14 2
43 15 2
43 16 2
43 17 2
43 18 2
43 19 2
43 20 2
43 21 2
43 22 2
43 23 2
43 24 2
43 25 2
43 26 2
43 27 2
43 28 2
43 29 2
43 30 2
43 31 2
43 32 2
43 33 2
43 34 2
43 35 2
43 36 2
43 37 2
43 38 2
43 39 2
43 40 2
43 41 2
43 42 2
43 43 2
43 44 2
43 45 2
43 46 2
43 47 2
43 48 2
43 49 2
43 50 2
43 51 2
43 52 2
43 53 2
43 54 2
43 55 1
43 56 1
43 57 1
43 58 1
43 59 1
43 60 1
43 61 1
43 62 1
43 63 1
43 64 1
43 65 1
43 66 1
43 67 1
43 68 1
43 69 1
43 70 1
43 71 1
43 72 1
43 73 1
43 74 1
43 75 1
43 76 1
43 77 1
43 78 1
43 79 1
43 80 1
43 81 1
43 82 1
43 83 1
43 84 1
43 85 1
43 86 1
43 87 5
43 88 5
43 89 5
43 90 5
43 91 5
43 92 5
43 93 5
43 94 5
43 95 5
43 96 5
43 97 5
43 98 5
43 99 5
43 100 5

44 1 2
44 2 2
44 3 2
44 4 2
44 5 2
44 6 2
44 7 2
44 8 2
44 9 2
44 10 2
44 11 2
44 12 2
44 13 2
44 14 2
44 15 2
44 16 2
44 17 2
44 18 2
44 19 2
44 20 2
44 21 2
44 22 2
44 23 2
44 24 2
44 25 2
44 26 2
44 27 2
44 28 2
44 29 2
44 30 2
44 31 2
44 32 2
44 33 2
44 34 2
44 35 2
44 36 2
44 37 2
44 38 2
44 39 2
44 40 2
44 41 2
44 42 2
44 43 2
44 44 2
44 45 2
44 46 2
44 47 2
44 48 2
44 49 2
44 50 2
44 51 2
44 52 2
44 53 2
44 54 1
44 55 1
44 56 1
44 57 1
44 58 1
44 59 1
44 60 1
44 61 1
44 62 1
44 63 1
44 64 1
44 65 1
44 66 1
44 67 1
44 68 1
44 69 1
44 70 1
44 71 1
44 72 1
44 73 1
44 74 1
44 75 1
44 76 1
44 77 1
44 78 1
44 79 1
44 80 1
44 81 1
44 82 1
44 83 1
44 84 1
44 85 1
44 86 1
44 87 5
44 88 5
44 89 5
44 90 5
44 91 5
44 92 5
44 93 5
44 94 5
44 95 5
44 96 5
44 97 5
44 98 5
44 99 5
44 100 5

45 1 2
45 2 2
45 3 2
45 4 2
45 5 2
45 6 2
45 7 2
45 8 2
45 9 2
45 10 2
45 11 2
45 12 2
45 13 2
45 14 2
45 15 2
45 16 2
45 17 2
45 18 2
45 19 2
45 20 2
45 21 2
45 22 2
45 23 2
45 24 2
45 25 2
45 26 2
45 27 2
45 28 2
45 29 2
45 30 2
45 31 2
45 32 2
45 33 2
45 34 2
45 35 2
45 36 2
45 37 2
45 38 2
45 39 2
45 40 2
45 41 2
45 42 2
45 43 2
45 44 2
45 45 2
45 46 2
45 47 2
45 48 2
45 49 2
45 50 2
45 51 2
45 52 2
45 53 2
45 54 1
45 55 1
45 56 1
45 57 1
45 58 1
45 59 1
45 60 1
45 61 1
45 62 1
45 63 1
45 64 1
45 65 1
45 66 1
45 67 1
45 68 1
45 69 1
45 70 1
45 71 1
45 72 1
45 73 1
45 74 1
45 75 1
45 76 1
45 77 1
45 78 1
45 79 1
45 80 1
45 81 1
45 82 1
45 83 1
45 84 1
45 85 1
45 86 1
45 87 5
45 88 5
45 89 5
45 90 5
45 91 5
45 92 5
45 93 5
45 94 5
45 95 5
45 96 5
45 97 5
45 98 5
45 99 5
45 100 5

46 1 2
46 2 2
46 3 2
46 4 2
46 5 2
46 6 2
46 7 2
46 8 2
46 9 2
46 10 2
46 11 2
46 12 2
46 13 2
46 14 2
46 15 2
46 16 2
46 17 2
46 18 2
46 19 2
46 20 2
46 21 2
46 22 2
46 23 2
46 24 2
46 25 2
46 26 2
46 27 2
46 28 2
46 29 2
46 30 2
46 31 2
46 32 2
46 33 2
46 34 2
46 35 2
46 36 2
46 37 2
46 38 2
46 39 2
46 40 2
46 41 2
46 42 2
46 43 2
46 44 2
46 45 2
46 46 2
46 47 2
46 48 2
46 49 2
46 50 2
46 51 2
46 52 2
46 53 1
46 54 1
46 55 1
46 56 1
46 57 1
46 58 1
46 59 1
46 60 1
46 61 1
46 62 1
46 63 1
46 64 1
46 65 1
46 66 1
46 67 1
46 68 1
46 69 1
46 70 1
46 71 1
46 72 1
46 73 1
46 74 1
46 75 1
46 76 1
46 77 1
46 78 1
46 79 1
46 80 1
46 81 1
46 82 1
46 83 1
46 84 1
46 85 1
46 86 1
46 87 1
46 88 5
46 89 5
46 90 5
46 91 5
46 92 5
46 93 5
46 94 5
46 95 5
46 96 5
46 97 5
46 98 5
46 99 5
46 100 5

47 1 2
47 2 2
47 3 2
47 4 2
47 5 2
47 6 2
47 7 2
47 8 2
47 9 2
47 10 2
47 11 2
47 12 2
47 13 2
47 14 2
47 15 2
47 16 2
47 17 2
47 18 2
47 19 2
47 20 2
47 21 2
47 22 2
47 23 2
47 24 2
47 25 2
47 26 2
47 27 2
47 28 2
47 29 2
47 30 2
47 31 2
47 32 2
47 33 2
47 34 2
47 35 2
47 36 2
47 37 2
47 38 2
47 39 2
47 40 2
47 41 2
47 42 2
47 43 2
47 44 2
47 45 2
47 46 2
47 47 2
47 48 2
47 49 2
47 50 2
47 51 2
47 52 1
47 53 1
47 54 1
47 55 1
47 56 1
47 57 1
47 58 1
47 59 1
47 60 1
47 61 1
47 62 1
47 63 1
47 64 1
47 65 1
47 66 1
47 67 1
47 68 1
47 69 1
47 70 1
47 71 1
47 72 1
47 73 1
47 74 1
47 75 1
47 76 1
47 77 1
47 78 1
47 79 1
47 80 1
47 81 1
47 82 1
47 83 1
47 84 1
47 85 1
47 86 1
47 87 1
47 88 5
47 89 5
47 90 5
47 91 5
47 92 5
47 93 5
47 94 5
47 95 5
47 96 5
47 97 5
47 98 5
47 99 5
47 100 5

48 1 2
48 2 2
48 3 2
48 4 2
48 5 2
48 6 2
48 7 2
48 8 2
48 9 2
48 10 2
48 11 2
48 12 2
48 13 2
48 14 2
48 15 2
48 16 2
48 17 2
48 18 2
48 19 2
48 20 2
48 21 2
48 22 2
48 23 2
48 24 2
48 25 2
48 26 2
48 27 2
48 28 2
48 29 2
48 30 2
48 31 2
48 32 2
48 33 2
48 34 2
48 35 2
48 36 2
48 37 2
48 38 2
48 39 2
48 40 2
48 41 2
48 42 2
48 43 2
48 44 2
48 45 2
48 46 2
48 47 2
48 48 2
48 49 2
48 50 2
48 51 2
48 52 1
48 53 1
48 54 1
48 55 1
48 56 1
48 57 1
48 58 1
48 59 1
48 60 1
48 61 1
48 62 1
48 63 1
48 64 1
48 65 1
48 66 1
48 67 1
48 68 1
48 69 1
48 70 1
48 71 1
48 72 1
48 73 1
48 74 1
48 75 1
48 76 1
48 77 1
48 78 1
48 79 1
48 80 1
48 81 1
48 82 1
48 83 1
48 84 1
48 85 1
48 86 1
48 87 1
48 88 1
48 89 5
48 90 5
48 91 5
48 92 5
48 93 5
48 94 5
48 95 5
48 96 5
48 97 5
48 98 5
48 99 5
48 100 5

49 1 2
49 2 2
49 3 2
49 4 2
49 5 2
49 6 2
49 7 2
49 8 2
49 9 2
49 10 2
49 11 2
49 12 2
49 13 2
49 14 2
49 15 2
49 16 2
49 17 2
49 18 2
49 19 2
49 20 2
49 21 2
49 22 2
49 23 2
49 24 2
49 25 2
49 26 2
49 27 2
49 28 2
49 29 2
49 30 2
49 31 2
49 32 2
49 33 2
49 34 2
49 35 2
49 36 2
49 37 2
49 38 2
49 39 2
49 40 2
49 41 2
49 42 2
49 43 2
49 44 2
49 45 2
49 46 2
49 47 2
49 48 2
49 49 2
49 50 2
49 51 1
49 52 1
49 53 1
49 54 1
49 55 1
49 56 1
49 57 1
49 58 1
49 59 1
49 60 1
49 61 1
49 62 1
49 63 1
49 64 1
49 65 1
49 66 1
49 67 1
49 68 1
49 69 1
49 70 1
49 71 1
49 72 1
49 73 1
49 74 1
49 75 1
49 76 1
49 77 1
49 78 1
49 79 1
49 80 1
49 81 1
49 82 1
49 83 1
49 84 1
49 85 1
49 86 1
49 87 1
49 88 1
49 89 5
49 90 5
49 91 5
49 92 5
49 93 5
49 94 5
49 95 5
49 96 5
49 97 5
49 98 5
49 99 5
49 100 5

50 1 2
50 2 2
50 3 2
50 4 2
50 5 2
50 6 2
50 7 2
50 8 2
50 9 2
50 10 2
50 11 2
50 12 2
50 13 2
50 14 2
50 15 2
50 16 2
50 17 2
50 18 2
50 19 2
50 20 2
50 21 2
50 22 2
50 23 2
50 24 2
50 25 2
50 26 2
50 27 2
50 28 2
50 29 2
50 30 2
50 31 2
50 32 2
50 33 2
50 34 2
50 35 2
50 36 2
50 37 2
50 38 2
50 39 2
50 40 2
50 41 2
50 42 2
50 43 2
50 44 2
50 45 2
50 46 2
50 47 2
50 48 2
50 49 2
50 50 1
50 51 1
50 52 1
50 53 1
50 54 1
50 55 1
50 56 1
50 57 1
50 58 1
50 59 1
50 60 1
50 61 1
50 62 1
50 63 1
50 64 1
50 65 1
50 66 1
50 67 1
50 68 1
50 69 1
50 70 1
50 71 1
50 72 1
50 73 1
50 74 1
50 75 1
50 76 1
50 77 1
50 78 1
50 79 1
50 80 1
50 81 1
50 82 1
50 83 1
50 84 1
50 85 1
50 86 1
50 87 1
50 88 1
50 89 3
50 90 3
50 91 3
50 92 3
50 93 3
50 94 3
50 95 3
50 96 3
50 97 3
50 98 3
50 99 3
50 100 3

51 1 2
51 2 2
51 3 2
51 4 2
51 5 2
51 6 2
51 7 2
51 8 2
51 9 2
51 10 2
51 11 2
51 12 2
51 13 2
51 14 2
51 15 2
51 16 2
51 17 2
51 18 2
51 19 2
51 20 2
51 21 2
51 22 2
51 23 2
51 24 2
51 25 2
51 26 2
51 27 2
51 28 2
51 29 2
51 30 2
51 31 2
51 32 2
51 33 2
51 34 2
51 35 2
51 36 2
51 37 2
51 38 2
51 39 2
51 40 2
51 41 2
51 42 2
51 43 2
51 44 2
51 45 2
51 46 2
51 47 2
51 48 2
51 49 2
51 50 1
51 51 1
51 52 1
51 53 1
51 54 1
51 55 1
51 56 1
51 57 1
51 58 1
51 59 1
51 60 1
51 61 1
51 62 1
51 63 1
51 64 1
51 65 1
51 66 1
51 67 1
51 68 1
51 69 1
51 70 1
51 71 1
51 72 1
51 73 1
51 74 1
51 75 1
51 76 1
51 77 1
51 78 1
51 79 1
51 80 1
51 81 1
51 82 1
51 83 1
51 84 1
51 85 1
51 86 1
51 87 1
51 88 1
51 89 3
51 90 3
51 91 3
51 92 3
51 93 3
51 94 3
51 95 3
51 96 3
51 97 3
51 98 3
51 99 3
51 100 3

52 1 2
52 2 2
52 3 2
52 4 2
52 5 2
52 6 2
52 7 2
52 8 2
52 9 2
52 10 2
52 11 2
52 12 2
52 13 2
52 14 2
52 15 2
52 16 2
52 17 2
52 18 2
52 19 2
52 20 2
52 21 2
52 22 2
52 23 2
52 24 2
52 25 2
52 26 2
52 27 2
52 28 2
52 29 2
52 30 2
52 31 2
52 32 2
52 33 2
52 34 2
52 35 2
52 36 2
52 37 2
52 38 2
52 39 2
52 40 2
52 41 2
52 42 2
52 43 2
52 44 2
52 45 2
52 46 2
52 47 2
52 48 2
52 49 1
52 50 1
52 51 1
52 52 1
52 53 1
52 54 1
52 55 1
52 56 1
52 57 1
52 58 1
52 59 1
52 60 1
52 61 1
52 62 1
52 63 1
52 64 1
52 65 1
52 66 1
52 67 1
52 68 1
52 69 1
52 70 1
52 71 1
52 72 1
52 73 1
52 74 1
52 75 1
52 76 1
52 77 1
52 78 1
52 79 1
52 80 1
52 81 1
52 82 1
52 83 1
52 84 1
52 85 1
52 86 1
52 87 1
52 88 3
52 89 3
52 90 3
52 91 3
52 92 3
52 93 3
52 94 3
52 95 3
52 96 3
52 97 3
52 98 3
52 99 3
52 100 3

53 1 2
53 2 2
53 3 2
53 4 2
53 5 2
53 6 2
53 7 2
53 8 2
53 9 2
53 10 2
53 11 2
53 12 2
53 13 2
53 14 2
53 15 2
53 16 2
53 17 2
53 18 2
53 19 2
53 20 2
53 21 2
53 22 2
53 23 2
53 24 2
53 25 2
53 26 2
53 27 2
53 28 2
53 29 2
53 30 2
53 31 2
53 32 2
53 33 2
53 34 2
53 35 2
53 36 2
53 37 2
53 38 2
53 39 2
53 40 2
53 41 2
53 42 2
53 43 10
53 44 10
53 45 10
53 46 10
53 47 10
53 48 10
53 49 1
53 50 1
53 51 1
53 52 1
53 53 1
53 54 1
53 55 1
53 56 1
53 57 1
53 58 1
53 59 1
53 60 1
53 61 1
53 62 1
53 63 1
53 64 1
53 65 1
53 66 1
53 67 1
53 68 1
53 69 1
53 70 1
53 71 1
53 72 1
53 73 1
53 74 1
53 75 1
53 76 1
53 77 1
53 78 1
53 79 1
53 80 1
53 81 1
53 82 1
53 83 1
53 84 1
53 85 1
53 86 1
53 87 1
53 88 3
53 89 3
53 90 3
53 91 3
53 92 3
53 93 3
53 94 3
53 95 3
53 96 3
53 97 3
53 98 3
53 99 3
53 100 3

54 1 2
54 2 2
54 3 2
54 4 2
54 5 2
54 6 2
54 7 2
54 8 2
54 9 2
54 10 2
54 11 2
54 12 2
54 13 2
54 14 2
54 15 2
54 16 2
54 17 2
54 18 2
54 19 2
54 20 2
54 21 2
54 22 2
54 23 2
54 24 2
54 25 2
54 26 2
54 27 2
54 28 2
54 29 2
54 30 2
54 31 2
54 32 2
54 33 2
54 34 2
54 35 2
54 36 2
54 37 2
54 38 10
54 39 10
54 40 10
54 41 10
54 42 10
54 43 10
54 44 10
54 45 10
54 46 10
54 47 10
54 48 10
54 49 10
54 50 1
54 51 1
54 52 1
54 53 1
54 54 1
54 55 1
54 56 1
54 57 1
54 58 1
54 59 1
54 60 1
54 61 1
54 62 1
54 63 1
54 64 1
54 65 1
54 66 1
54 67 1
54 68 1
54 69 1
54 70 1
54 71 1
54 72 1
54 73 1
54 74 1
54 75 1
54 76 1
54 77 1
54 78 1
54 79 1
54 80 1
54 81 1
54 82 1
54 83 1
54 84 1
54 85 1
54 86 1
54 87 1
54 88 3
54 89 3
54 90 3
54 91 3
54 92 3
54 93 3
54 94 3
54 95 3
54 96 3
54 97 3
54 98 3
54 99 3
54 100 3

55 1 2
55 2 2
55 3 2
55 4 2
55 5 2
55 6 2
55 7 2
55 8 2
55 9 2
55 10 2
55 11 2
55 12 2
55 13 2
55 14 2
55 15 2
55 16 2
55 17 2
55 18 2
55 19 2
55 20 2
55 21 2
55 22 2
55 23 2
55 24 2
55 25 2
55 26 2
55 27 2
55 28 2
55 29 2
55 30 2
55 31 2
55 32 2
55 33 2
55 34 10
55 35 10
55 36 10
55 37 10
55 38 10
55 39 10
55 40 10
55 41 10
55 42 10
55 43 10
55 44 10
55 45 10
55 46 10
55 47 10
55 48 10
55 49 10
55 50 1
55 51 1
55 52 1
55 53 1
55 54 1
55 55 1
55 56 1
55 57 1
55 58 1
55 59 1
55 60 1
55 61 1
55 62 1
55 63 1
55 64 1
55 65 1
55 66 1
55 67 1
55 68 1
55 69 1
55 70 1
55 71 1
55 72 1
55 73 1
55 74 1
55 75 1
55 76 1
55 77 1
55 78 1
55 79 1
55 80 1
55 81 1
55 82 1
55 83 1
55 84 1
55 85 1
55 86 1
55 87 1
55 88 3
55 89 3
55 90 3
55 91 3
55 92 3
55 93 3
55 94 3
55 95 3
55 96 3
55 97 3
55 98 3
55 99 3
55 100 3

56 1 2
56 2 2
56 3 2
56 4 2
56 5 2
56 6 2
56 7 2
56 8 2
56 9 2
56 10 2
56 11 2
56 12 2
56 13 2
56 14 2
56 15 2
56 16 2
56 17 2
56 18 2
56 19 2
56 20 2
56 21 2
56 22 2
56 23 2
56 24 2
56 25 2
56 26 2
56 27 2
56 28 2
56 29 2
56 30 2
56 31 2
56 32 10
56 33 10
56 34 10
56 35 10
56 36 10
56 37 10
56 38 10
56 39 10
56 40 10
56 41 10
56 42 10
56 43 10
56 44 10
56 45 10
56 46 10
56 47 10
56 48 10
56 49 10
56 50 10
56 51 1
56 52 1
56 53 1
56 54 1
56 55 1
56 56 1
56 57 1
56 58 1
56 59 1
56 60 1
56 61 1
56 62 1
56 63 1
56 64 1
56 65 1
56 66 1
56 67 1
56 68 1
56 69 1
56 70 1
56 71 1
56 72 1
56 73 1
56 74 1
56 75 1
56 76 1
56 77 1
56 78 1
56 79 1
56 80 1
56 81 1
56 82 1
56 83 1
56 84 1
56 85 1
56 86 1
56 87 3
56 88 3
56 89 3
56 90 3
56 91 3
56 92 3
56 93 3
56 94 3
56 95 3
56 96 3
56 97 3
56 98 3
56 99 3
56 100 3

57 1 2
57 2 2
57 3 2
57 4 2
57 5 2
57 6 2
57 7 2
57 8 2
57 9 2
57 10 2
57 11 2
57 12 2
57 13 2
57 14 2
57 15 2
57 16 2
57 17 2
57 18 2
57 19 2
57 20 2
57 21 2
57 22 2
57 23 2
57 24 2
57 25 2
57 26 2
57 27 2
57 28 2
57 29 2
57 30 10
57 31 10
57 32 10
57 33 10
57 34 10
57 35 10
57 36 10
57 37 10
57 38 10
57 39 10
57 40 10
57 41 10
57 42 10
57 43 10
57 44 10
57 45 10
57 46 10
57 47 10
57 48 10
57 49 10
57 50 10
57 51 1
57 52 1
57 53 1
57 54 1
57 55 1
57 56 1
57 57 1
57 58 1
57 59 1
57 60 1
57 61 1
57 62 1
57 63 1
57 64 1
57 65 1
57 66 1
57 67 1
57 68 1
57 69 1
57 70 1
57 71 1
57 72 1
57 73 1
57 74 1
57 75 1
57 76 1
57 77 1
57 78 1
57 79 1
57 80 1
57 81 1
57 82 1
57 83 1
57 84 1
57 85 1
57 86 1
57 87 3
57 88 3
57 89 3
57 90 3
57 91 3
57 92 3
57 93 3
57 94 3
57 95 3
57 96 3
57 97 3
57 98 3
57 99 3
57 100 3

58 1 7
58 2 7
58 3 7
58 4 7
58 5 7
58 6 7
58 7 7
58 8 7
58 9 7
58 10 7
58 11 2
58 12 2
58 13 2
58 14 2
58 15 2
58 16 2
58 17 2
58 18 2
58 19 2
58 20 2
58 21 2
58 22 2
58 23 2
58 24 2
58 25 2
58 26 2
58 27 2
58 28 10
58 29 10
58 30 10
58 31 10
58 32 10
58 33 10
58 34 10
58 35 10
58 36 10
58 37 10
58 38 10
58 39 10
58 40 10
58 41 10
58 42 10
58 43 10
58 44 10
58 45 10
58 46 10
58 47 10
58 48 10
58 49 10
58 50 10
58 51 10
58 52 1
58 53 1
58 54 1
58 55 1
58 56 1
58 57 1
58 58 1
58 59 1
58 60 1
58 61 1
58 62 1
58 63 1
58 64 1
58 65 1
58 66 1
58 67 1
58 68 1
58 69 1
58 70 1
58 71 1
58 72 1
58 73 1
58 74 1
58 75 1
58 76 1
58 77 1
58 78 1
58 79 1
58 80 1
58 81 1
58 82 1
58 83 1
58 84 1
58 85 1
58 86 1
58 87 3
58 88 3
58 89 3
58 90 3
58 91 3
58 92 3
58 93 3
58 94 3
58 95 3
58 96 3
58 97 3
58 98 3
58 99 3
58 100 3

59 1 7
59 2 7
59 3 7
59 4 7
59 5 7
59 6 7
59 7 7
59 8 7
59 9 7
59 10 7
59 11 7
59 12 7
59 13 7
59 14 7
59 15 7
59 16 2
59 17 2
59 18 2
59 19 2
59 20 2
59 21 2
59 22 2
59 23 2
59 24 2
59 25 2
59 26 10
59 27 10
59 28 10
59 29 10
59 30 10
59 31 10
59 32 10
59 33 10
59 34 10
59 35 10
59 36 10
59 37 10
59 38 10
59 39 10
59 40 10
59 41 10
59 42 10
59 43 10
59 44 10
59 45 10
59 46 10
59 47 10
59 48 10
59 49 10
59 50 10
59 51 10
59 52 1
59 53 1
59 54 1
59 55 1
59 56 1
59 57 1
59 58 1
59 59 1
59 60 1
59 61 1
59 62 1
59 63 1
59 64 1
59 65 1
59 66 1
59 67 1
59 68 1
59 69 1
59 70 1
59 71 1
59 72 1
59 73 1
59 74 1
59 75 1
59 76 1
59 77 1
59 78 1
59 79 1
59 80 1
59 81 1
59 82 1
59 83 1
59 84 1
59 85 1
59 86 1
59 87 3
59 88 3
59 89 3
59 90 3
59 91 3
59 92 3
59 93 3
59 94 3
59 95 3
59 96 3
59 97 3
59 98 3
59 99 3
59 100 3

60 1 7
60 2 7
60 3 7
60 4 7
60 5 7
60 6 7
60 7 7
60 8 7
60 9 7
60 10 7
60 11 7
60 12 7
60 13 7
60 14 7
60 15 7
60 16 7
60 17 7
60 18 7
60 19 2
60 20 2
60 21 2
60 22 2
60 23 2
60 24 10
60 25 10
60 26 10
60 27 10
60 28 10
60 29 10
60 30 10
60 31 10
60 32 10
60 33 10
60 34 10
60 35 10
60 36 10
60 37 10
60 38 10
60 39 10
60 40 10
60 41 10
60 42 10
60 43 10
60 44 10
60 45 10
60 46 10
60 47 10
60 48 10
60 49 10
60 50 10
60 51 10
60 52 10
60 53 1
60 54 1
60 55 1
60 56 1
60 57 1
60 58 1
60 59 1
60 60 1
60 61 1
60 62 1
60 63 1
60 64 1
60 65 1
60 66 1
60 67 1
60 68 1
60 69 1
60 70 1
60 71 1
60 72 1
60 73 1
60 74 1
60 75 1
60 76 1
60 77 1
60 78 1
60 79 1
60 80 1
60 81 1
60 82 1
60 83 1
60 84 1
60 85 1
60 86 1
60 87 3
60 88 3
60 89 3
60 90 3
60 91 3
60 92 3
60 93 3
60 94 3
60 95 3
60 96 3
60 97 3
60 98 3
60 99 3
60 100 3

61 1 7
61 2 7
61 3 7
61 4 7
61 5 7
61 6 7
61 7 7
61 8 7
61 9 7
61 10 7
61 11 7
61 12 7
61 13 7
61 14 7
61 15 7
61 16 7
61 17 7
61 18 7
61 19 7
61 20 7
61 21 7
61 22 2
61 23 10
61 24 10
61 25 10
61 26 10
61 27 10
61 28 10
61 29 10
61 30 10
61 31 10
61 32 10
61 33 10
61 34 10
61 35 10
61 36 10
61 37 10
61 38 10
61 39 10
61 40 10
61 41 10
61 42 10
61 43 10
61 44 10
61 45 10
61 46 10
61 47 10
61 48 10
61 49 10
61 50 10
61 51 10
61 52 10
61 53 1
61 54 1
61 55 1
61 56 1
61 57 1
61 58 1
61 59 1
61 60 1
61 61 1
61 62 1
61 63 1
61 64 1
61 65 1
61 66 1
61 67 1
61 68 1
61 69 1
61 70 1
61 71 1
61 72 1
61 73 1
61 74 1
61 75 1
61 76 1
61 77 1
61 78 1
61 79 1
61 80 1
61 81 1
61 82 1
61 83 1
61 84 1
61 85 1
61 86 1
61 87 3
61 88 3
61 89 3
61 90 3
61 91 3
61 92 3
61 93 3
61 94 3
61 95 3
61 96 3
61 97 3
61 98 3
61 99 3
61 100 3

62 1 7
62 2 7
62 3 7
62 4 7
62 5 7
62 6 7
62 7 7
62 8 7
62 9 7
62 10 7
62 11 7
62 12 7
62 13 7
62 14 7
62 15 7
62 16 7
62 17 7
62 18 7
62 19 7
62 20 7
62 21 7
62 22 7
62 23 10
62 24 10
62 25 10
62 26 10
62 27 10
62 28 10
62 29 10
62 30 10
62 31 10
62 32 10
62 33 10
62 34 10
62 35 10
62 36 10
62 37 10
62 38 10
62 39 10
62 40 10
62 41 10
62 42 10
62 43 10
62 44 10
62 45 10
62 46 10
62 47 10
62 48 10
62 49 10
62 50 10
62 51 10
62 52 10
62 53 10
62 54 1
62 55 1
62 56 1
62 57 1
62 58 1
62 59 1
62 60 1
62 61 1
62 62 1
62 63 1
62 64 1
62 65 1
62 66 1
62 67 1
62 68 1
62 69 1
62 70 1
62 71 1
62 72 1
62 73 1
62 74 1
62 75 1
62 76 1
62 77 1
62 78 1
62 79 1
62 80 1
62 81 1
62 82 1
62 83 1
62 84 1
62 85 1
62 86 1
62 87 3
62 88 3
62 89 3
62 90 3
62 91 3
62 92 3
62 93 3
62 94 3
62 95 3
62 96 3
62 97 3
62 98 3
62 99 3
62 100 3

63 1 7
63 2 7
63 3 7
63 4 7
63 5 7
63 6 7
63 7 7
63 8 7
63 9 7
63 10 7
63 11 7
63 12 7
63 13 7
63 14 7
63 15 7
63 16 7
63 17 7
63 18 7
63 19 7
63 20 7
63 21 7
63 22 7
63 23 10
63 24 10
63 25 10
63 26 10
63 27 10
63 28 10
63 29 10
63 30 10
63 31 10
63 32 10
63 33 10
63 34 10
63 35 10
63 36 10
63 37 10
63 38 10
63 39 10
63 40 10
63 41 10
63 42 10
63 43 10
63 44 10
63 45 10
63 46 10
63 47 10
63 48 10
63 49 10
63 50 10
63 51 10
63 52 10
63 53 10
63 54 1
63 55 1
63 56 1
63 57 1
63 58 1
63 59 1
63 60 1
63 61 1
63 62 1
63 63 1
63 64 1
63 65 1
63 66 1
63 67 1
63 68 1
63 69 1
63 70 1
63 71 1
63 72 1
63 73 1
63 74 1
63 75 1
63 76 1
63 77 1
63 78 1
63 79 1
63 80 1
63 81 1
63 82 1
63 83 1
63 84 1
63 85 1
63 86 1
63 87 3
63 88 3
63 89 3
63 90 3
63 91 3
63 92 3
63 93 3
63 94 3
63 95 3
63 96 3
63 97 3
63 98 3
63 99 3
63 100 3

64 1 7
64 2 7
64 3 7
64 4 7
64 5 7
64 6 7
64 7 7
64 8 7
64 9 7
64 10 7
64 11 7
64 12 7
64 13 7
64 14 7
64 15 7
64 16 7
64 17 7
64 18 7
64 19 7
64 20 7
64 21 7
64 22 7
64 23 10
64 24 10
64 25 10
64 26 10
64 27 10
64 28 10
64 29 10
64 30 10
64 31 10
64 32 10
64 33 10
64 34 10
64 35 10
64 36 10
64 37 10
64 38 10
64 39 10
64 40 10
64 41 10
64 42 10
64 43 10
64 44 10
64 45 10
64 46 10
64 47 10
64 48 10
64 49 10
64 50 10
64 51 10
64 52 10
64 53 10
64 54 10
64 55 1
64 56 1
64 57 1
64 58 1
64 59 1
64 60 1
64 61 1
64 62 1
64 63 1
64 64 1
64 65 1
64 66 1
64 67 1
64 68 1
64 69 1
64 70 1
64 71 1
64 72 1
64 73 1
64 74 1
64 75 1
64 76 1
64 77 1
64 78 1
64 79 1
64 80 1
64 81 1
64 82 1
64 83 1
64 84 1
64 85 1
64 86 1
64 87 3
64 88 3
64 89 3
64 90 3
64 91 3
64 92 3
64 93 3
64 94 3
64 95 3
64 96 3
64 97 3
64 98 3
64 99 3
64 100 3

65 1 7
65 2 7
65 3 7
65 4 7
65 5 7
65 6 7
65 7 7
65 8 7
65 9 7
65 10 7
65 11 7
65 12 7
65 13 7
65 14 7
65 15 7
65 16 7
65 17 7
65 18 7
65 19 7
65 20 7
65 21 7
65 22 7
65 23 10
65 24 10
65 25 10
65 26 10
65 27 10
65 28 10
65 29 10
65 30 10
65 31 10
65 32 10
65 33 10
65 34 10
65 35 10
65 36 10
65 37 10
65 38 10
65 39 10
65 40 10
65 41 10
65 42 10
65 43 10
65 44 10
65 45 10
65 46 10
65 47 10
65 48 10
65 49 10
65 50 10
65 51 10
65 52 10
65 53 10
65 54 10
65 55 1
65 56 1
65 57 1
65 58 1
65 59 1
65 60 1
65 61 1
65 62 1
65 63 1
65 64 1
65 65 1
65 66 1
65 67 1
65 68 1
65 69 1
65 70 1
65 71 1
65 72 1
65 73 1
65 74 1
65 75 1
65 76 1
65 77 1
65 78 1
65 79 1
65 80 1
65 81 1
65 82 1
65 83 1
65 84 1
65 85 1
65 86 1
65 87 3
65 88 3
65 89 3
65 90 3
65 91 3
65 92 3
65 93 3
65 94 3
65 95 3
65 96 3
65 97 3
65 98 3
65 99 3
65 100 3

66 1 7
66 2 7
66 3 7
66 4 7
66 5 7
66 6 7
66 7 7
66 8 7
66 9 7
66 10 7
66 11 7
66 12 7
66 13 7
66 14 7
66 15 7
66 16 7
66 17 7
66 18 7
66 19 7
66 20 7
66 21 7
66 22 7
66 23 10
66 24 10
66 25 10
66 26 10
66 27 10
66 28 10
66 29 10
66 30 10
66 31 10
66 32 10
66 33 10
66 34 10
66 35 10
66 36 10
66 37 10
66 38 10
66 39 10
66 40 10
66 41 10
66 42 10
66 43 10
66 44 10
66 45 10
66 46 10
66 47 10
66 48 10
66 49 10
66 50 10
66 51 10
66 52 10
66 53 10
66 54 10
66 55 10
66 56 1
66 57 1
66 58 1
66 59 1
66 60 1
66 61 1
66 62 1
66 63 1
66 64 1
66 65 1
66 66 1
66 67 1
66 68 1
66 69 1
66 70 1
66 71 1
66 72 1
66 73 1
66 74 1
66 75 1
66 76 1
66 77 1
66 78 1
66 79 1
66 80 1
66 81 1
66 82 1
66 83 1
66 84 1
66 85 1
66 86 1
66 87 3
66 88 3
66 89 3
66 90 3
66 91 3
66 92 3
66 93 3
66 94 3
66 95 3
66 96 3
66 97 3
66 98 3
66 99 3
66 100 3

67 1 7
67 2 7
67 3 7
67 4 7
67 5 7
67 6 7
67 7 7
67 8 7
67 9 7
67 10 7
67 11 7
67 12 7
67 13 7
67 14 7
67 15 7
67 16 7
67 17 7
67 18 7
67 19 7
67 20 7
67 21 7
67 22 7
67 23 10
67 24 10
67 25 10
67 26 10
67 27 10
67 28 10
67 29 10
67 30 10
67 31 10
67 32 10
67 33 10
67 34 10
67 35 10
67 36 10
67 37 10
67 38 10
67 39 10
67 40 10
67 41 10
67 42 10
67 43 10
67 44 10
67 45 10
67 46 10
67 47 10
67 48 10
67 49 10
67 50 10
67 51 10
67 52 10
67 53 10
67 54 10
67 55 10
67 56 1
67 57 1
67 58 1
67 59 1
67 60 1
67 61 1
67 62 1
67 63 1
67 64 1
67 65 1
67 66 1
67 67 1
67 68 1
67 69 1
67 70 1
67 71 1
67 72 1
67 73 1
67 74 1
67 75 1
67 76 1
67 77 1
67 78 1
67 79 1
67 80 1
67 81 1
67 82 1
67 83 1
67 84 1
67 85 1
67 86 1
67 87 3
67 88 3
67 89 3
67 90 3
67 91 3
67 92 3
67 93 3
67 94 3
67 95 3
67 96 3
67 97 3
67 98 3
67 99 3
67 100 3

68 1 7
68 2 7
68 3 7
68 4 7
68 5 7
68 6 7
68 7 7
68 8 7
68 9 7
68 10 7
68 11 7
68 12 7
68 13 7
68 14 7
68 15 7
68 16 7
68 17 7
68 18 7
68 19 7
68 20 7
68 21 7
68 22 7
68 23 7
68 24 10
68 25 10
68 26 10
68 27 10
68 28 10
68 29 10
68 30 10
68 31 10
68 32 10
68 33 10
68 34 10
68 35 10
68 36 10
68 37 10
68 38 10
68 39 10
68 40 10
68 41 10
68 42 10
68 43 10
68 44 10
68 45 10
68 46 10
68 47 10
68 48 10
68 49 10
68 50 10
68 51 10
68 52 10
68 53 10
68 54 10
68 55 10
68 56 10
68 57 1
68 58 1
68 59 1
68 60 1
68 61 1
68 62 1
68 63 1
68 64 1
68 65 1
68 66 1
68 67 1
68 68 1
68 69 1
68 70 1
68 71 1
68 72 1
68 73 1
68 74 1
68 75 1
68 76 1
68 77 1
68 78 1
68 79 1
68 80 1
68 81 1
68 82 1
68 83 1
68 84 1
68 85 1
68 86 1
68 87 3
68 88 3
68 89 3
68 90 3
68 91 3
68 92 3
68 93 3
68 94 3
68 95 3
68 96 3
68 97 3
68 98 3
68 99 3
68 100 3

69 1 7
69 2 7
69 3 7
69 4 7
69 5 7
69 6 7
69 7 7
69 8 7
69 9 7
69 10 7
69 11 7
69 12 7
69 13 7
69 14 7
69 15 7
69 16 7
69 17 7
69 18 7
69 19 7
69 20 7
69 21 7
69 22 7
69 23 7
69 24 10
69 25 10
69 26 10
69 27 10
69 28 10
69 29 10
69 30 10
69 31 10
69 32 10
69 33 10
69 34 10
69 35 10
69 36 10
69 37 10
69 38 10
69 39 10
69 40 10
69 41 10
69 42 10
69 43 10
69 44 10
69 45 10
69 46 10
69 47 10
69 48 10
69 49 10
69 50 10
69 51 10
69 52 10
69 53 10
69 54 10
69 55 10
69 56 10
69 57 1
69 58 1
69 59 1
69 60 1
69 61 1
69 62 1
69 63 1
69 64 1
69 65 1
69 66 1
69 67 1
69 68 1
69 69 1
69 70 1
69 71 1
69 72 1
69 73 1
69 74 1
69 75 1
69 76 1
69 77 1
69 78 1
69 79 1
69 80 1
69 81 1
69 82 1
69 83 1
69 84 1
69 85 1
69 86 1
69 87 3
69 88 3
69 89 3
69 90 3
69 91 3
69 92 3
69 93 3
69 94 3
69 95 3
69 96 3
69 97 3
69 98 3
69 99 3
69 100 3

70 1 7
70 2 7
70 3 7
70 4 7
70 5 7
70 6 7
70 7 7
70 8 7
70 9 7
70 10 7
70 11 7
70 12 7
70 13 7
70 14 7
70 15 7
70 16 7
70 17 7
70 18 7
70 19 7
70 20 7
70 21 7
70 22 7
70 23 7
70 24 10
70 25 10
70 26 10
70 27 10
70 28 10
70 29 10
70 30 10
70 31 10
70 32 10
70 33 10
70 34 10
70 35 10
70 36 10
70 37 10
70 38 10
70 39 10
70 40 10
70 41 10
70 42 10
70 43 10
70 44 10
70 45 10
70 46 10
70 47 10
70 48 10
70 49 10
70 50 10
70 51 10
70 52 10
70 53 10
70 54 10
70 55 10
70 56 10
70 57 10
70 58 1
70 59 1
70 60 1
70 61 1
70 62 1
70 63 1
70 64 1
70 65 1
70 66 1
70 67 1
70 68 1
70 69 1
70 70 1
70 71 1
70 72 1
70 73 1
70 74 1
70 75 1
70 76 1
70 77 1
70 78 1
70 79 1
70 80 1
70 81 1
70 82 1
70 83 1
70 84 1
70 85 1
70 86 1
70 87 3
70 88 3
70 89 3
70 90 3
70 91 3
70 92 3
70 93 3
70 94 3
70 95 3
70 96 3
70 97 3
70 98 3
70 99 3
70 100 3

71 1 7
71 2 7
71 3 7
71 4 7
71 5 7
71 6 7
71 7 7
71 8 7
71 9 7
71 10 7
71 11 7
71 12 7
71 13 7
71 14 7
71 15 7
71 16 7
71 17 7
71 18 7
71 19 7
71 20 7
71 21 7
71 22 7
71 23 7
71 24 10
71 25 10
71 26 10
71 27 10
71 28 10
71 29 10
71 30 10
71 31 10
71 32 10
71 33 10
71 34 10
71 35 10
71 36 10
71 37 10
71 38 10
71 39 10
71 40 10
71 41 10
71 42 10
71 43 10
71 44 10
71 45 10
71 46 10
71 47 10
71 48 10
71 49 10
71 50 10
71 51 10
71 52 10
71 53 10
71 54 10
71 55 10
71 56 10
71 57 10
71 58 1
71 59 1
71 60 1
71 61 1
71 62 1
71 63 1
71 64 1
71 65 1
71 66 1
71 67 1
71 68 1
71 69 1
71 70 1
71 71 1
71 72 1
71 73 1
71 74 1
71 75 1
71 76 1
71 77 1
71 78 1
71 79 1
71 80 1
71 81 1
71 82 1
71 83 1
71 84 1
71 85 1
71 86 1
71 87 8
71 88 8
71 89 8
71 90 8
71 91 3
71 92 3
71 93 3
71 94 3
71 95 3
71 96 3
71 97 3
71 98 3
71 99 3
71 100 3

72 1 7
72 2 7
72 3 7
72 4 7
72 5 7
72 6 7
72 7 7
72 8 7
72 9 7
72 10 7
72 11 7
72 12 7
72 13 7
72 14 7
72 15 7
72 16 7
72 17 7
72 18 7
72 19 7
72 20 7
72 21 7
72 22 7
72 23 7
72 24 10
72 25 10
72 26 10
72 27 10
72 28 10
72 29 10
72 30 10
72 31 10
72 32 10
72 33 10
72 34 10
72 35 10
72 36 10
72 37 10
72 38 10
72 39 10
72 40 10
72 41 10
72 42 10
72 43 10
72 44 10
72 45 10
72 46 10
72 47 10
72 48 10
72 49 10
72 50 10
72 51 10
72 52 10
72 53 10
72 54 10
72 55 10
72 56 10
72 57 10
72 58 10
72 59 1
72 60 1
72 61 1
72 62 1
72 63 1
72 64 1
72 65 1
72 66 1
72 67 1
72 68 1
72 69 1
72 70 1
72 71 1
72 72 1
72 73 1
72 74 1
72 75 1
72 76 1
72 77 1
72 78 1
72 79 1
72 80 1
72 81 1
72 82 1
72 83 1
72 84 1
72 85 1
72 86 8
72 87 8
72 88 8
72 89 8
72 90 8
72 91 8
72 92 8
72 93 8
72 94 8
72 95 8
72 96 8
72 97 8
72 98 8
72 99 8
72 100 8

73 1 7
73 2 7
73 3 7
73 4 7
73 5 7
73 6 7
73 7 7
73 8 7
73 9 7
73 10 7
73 11 7
73 12 7
73 13 7
73 14 7
73 15 7
73 16 7
73 17 7
73 18 7
73 19 7
73 20 7
73 21 7
73 22 7
73 23 7
73 24 10
73 25 10
73 26 10
73 27 10
73 28 10
73 29 10
73 30 10
73 31 10
73 32 10
73 33 10
73 34 10
73 35 10
73 36 10
73 37 10
73 38 10
73 39 10
73 40 10
73 41 10
73 42 10
73 43 10
73 44 10
73 45 10
73 46 10
73 47 10
73 48 10
73 49 10
73 50 10
73 51 10
73 52 10
73 53 10
73 54 10
73 55 10
73 56 10
73 57 10
73 58 10
73 59 1
73 60 1
73 61 1
73 62 1
73 63 1
73 64 1
73 65 1
73 66 1
73 67 1
73 68 1
73 69 1
73 70 1
73 71 1
73 72 1
73 73 1
73 74 1
73 75 1
73 76 1
73 77 1
73 78 1
73 79 1
73 80 1
73 81 1
73 82 1
73 83 1
73 84 8
73 85 8
73 86 8
73 87 8
73 88 8
73 89 8
73 90 8
73 91 8
73 92 8
73 93 8
73 94 8
73 95 8
73 96 8
73 97 8
73 98 8
73 99 8
73 100 8

74 1 7
74 2 7
74 3 7
74 4 7
74 5 7
74 6 7
74 7 7
74 8 7
74 9 7
74 10 7
74 11 7
74 12 7
74 13 7
74 14 7
74 15 7
74 16 7
74 17 7
74 18 7
74 19 7
74 20 7
74 21 7
74 22 7
74 23 7
74 24 10
74 25 10
74 26 10
74 27 10
74 28 10
74 29 10
74 30 10
74 31 10
74 32 10
74 33 10
74 34 10
74 35 10
74 36 10
74 37 10
74 38 10
74 39 10
74 40 10
74 41 10
74 42 10
74 43 10
74 44 10
74 45 10
74 46 10
74 47 10
74 48 10
74 49 10
74 50 10
74 51 10
74 52 10
74 53 10
74 54 10
74 55 10
74 56 10
74 57 10
74 58 10
74 59 10
74 60 1
74 61 1
74 62 1
74 63 1
74 64 1
74 65 1
74 66 1
74 67 1
74 68 1
74 69 1
74 70 1
74 71 1
74 72 1
74 73 1
74 74 1
74 75 1
74 76 1
74 77 1
74 78 1
74 79 1
74 80 1
74 81 1
74 82 1
74 83 8
74 84 8
74 85 8
74 86 8
74 87 8
74 88 8
74 89 8
74 90 8
74 91 8
74 92 8
74 93 8
74 94 8
74 95 8
74 96 8
74 97 8
74 98 8
74 99 8
74 100 8

75 1 7
75 2 7
75 3 7
75 4 7
75 5 7
75 6 7
75 7 7
75 8 7
75 9 7
75 10 7
75 11 7
75 12 7
75 13 7
75 14 7
75 15 7
75 16 7
75 17 7
75 18 7
75 19 7
75 20 7
75 21 7
75 22 7
75 23 7
75 24 7
75 25 10
75 26 10
75 27 10
75 28 10
75 29 10
75 30 10
75 31 10
75 32 10
75 33 10
75 34 10
75 35 10
75 36 10
75 37 10
75 38 10
75 39 10
75 40 10
75 41 10
75 42 10
75 43 10
75 44 10
75 45 10
75 46 10
75 47 10
75 48 10
75 49 10
75 50 10
75 51 10
75 52 10
75 53 10
75 54 10
75 55 10
75 56 10
75 57 10
75 58 10
75 59 10
75 60 10
75 61 1
75 62 1
75 63 1
75 64 1
75 65 1
75 66 1
75 67 1
75 68 1
75 69 1
75 70 1
75 71 1
75 72 1
75 73 1
75 74 1
75 75 1
75 76 1
75 77 1
75 78 1
75 79 1
75 80 1
75 81 1
75 82 8
75 83 8
75 84 8
75 85 8
75 86 8
75 87 8
75 88 8
75 89 8
75 90 8
75 91 8
75 92 8
75 93 8
75 94 8
75 95 8
75 96 8
75 97 8
75 98 8
75 99 8
75 100 8

76 1 7
76 2 7
76 3 7
76 4 7
76 5 7
76 6 7
76 7 7
76 8 7
76 9 7
76 10 7
76 11 7
76 12 7
76 13 7
76 14 7
76 15 7
76 16 7
76 17 7
76 18 7
76 19 7
76 20 7
76 21 7
76 22 7
76 23 7
76 24 7
76 25 10
76 26 10
76 27 10
76 28 10
76 29 10
76 30 10
76 31 10
76 32 10
76 33 10
76 34 10
76 35 10
76 36 10
76 37 10
76 38 10
76 39 10
76 40 10
76 41 10
76 42 10
76 43 10
76 44 10
76 45 10
76 46 10
76 47 10
76 48 10
76 49 10
76 50 10
76 51 10
76 52 10
76 53 10
76 54 10
76 55 10
76 56 10
76 57 10
76 58 10
76 59 10
76 60 10
76 61 1
76 62 1
76 63 1
76 64 1
76 65 1
76 66 1
76 67 1
76 68 1
76 69 1
76 70 1
76 71 1
76 72 1
76 73 1
76 74 1
76 75 1
76 76 1
76 77 1
76 78 1
76 79 1
76 80 1
76 81 8
76 82 8
76 83 8
76 84 8
76 85 8
76 86 8
76 87 8
76 88 8
76 89 8
76 90 8
76 91 8
76 92 8
76 93 8
76 94 8
76 95 8
76 96 8
76 97 8
76 98 8
76 99 8
76 100 8

77 1 7
77 2 7
77 3 7
77 4 7
77 5 7
77 6 7
77 7 7
77 8 7
77 9 7
77 10 7
77 11 7
77 12 7
77 13 7
77 14 7
77 15 7
77 16 7
77 17 7
77 18 7
77 19 7
77 20 7
77 21 7
77 22 7
77 23 7
77 24 7
77 25 10
77 26 10
77 27 10
77 28 10
77 29 10
77 30 10
77 31 10
77 32 10
77 33 10
77 34 10
77 35 10
77 36 10
77 37 10
77 38 10
77 39 10
77 40 10
77 41 10
77 42 10
77 43 10
77 44 10
77 45 10
77 46 10
77 47 10
77 48 10
77 49 10
77 50 10
77 51 10
77 52 10
77 53 10
77 54 10
77 55 10
77 56 10
77 57 10
77 58 10
77 59 10
77 60 10
77 61 10
77 62 1
77 63 1
77 64 1
77 65 1
77 66 1
77 67 1
77 68 1
77 69 1
77 70 1
77 71 1
77 72 1
77 73 1
77 74 1
77 75 1
77 76 1
77 77 1
77 78 1
77 79 1
77 80 8
77 81 8
77 82 8
77 83 8
77 84 8
77 85 8
77 86 8
77 87 8
77 88 8
77 89 8
77 90 8
77 91 8
77 92 8
77 93 8
77 94 8
77 95 8
77 96 8
77 97 8
77 98 8
77 99 8
77 100 8

78 1 7
78 2 7
78 3 7
78 4 7
78 5 7
78 6 7
78 7 7
78 8 7
78 9 7
78 10 7
78 11 7
78 12 7
78 13 7
78 14 7
78 15 7
78 16 7
78 17 7
78 18 7
78 19 7
78 20 7
78 21 7
78 22 7
78 23 7
78 24 7
78 25 10
78 26 10
78 27 10
78 28 10
78 29 10
78 30 10
78 31 10
78 32 10
78 33 10
78 34 10
78 35 10
78 36 10
78 37 10
78 38 10
78 39 10
78 40 10
78 41 10
78 42 10
78 43 10
78 44 10
78 45 10
78 46 10
78 47 10
78 48 10
78 49 10
78 50 10
78 51 10
78 52 10
78 53 10
78 54 10
78 55 10
78 56 10
78 57 10
78 58 10
78 59 10
78 60 10
78 61 10
78 62 10
78 63 1
78 64 1
78 65 1
78 66 1
78 67 1
78 68 1
78 69 1
78 70 1
78 71 1
78 72 1
78 73 1
78 74 1
78 75 1
78 76 1
78 77 1
78 78 1
78 79 8
78 80 8
78 81 8
78 82 8
78 83 8
78 84 8
78 85 8
78 86 8
78 87 8
78 88 8
78 89 8
78 90 8
78 91 8
78 92 8
78 93 8
78 94 8
78 95 8
78 96 8
78 97 8
78 98 8
78 99 8
78 100 8

79 1 7
79 2 7
79 3 7
79 4 7
79 5 7
79 6 7
79 7 7
79 8 7
79 9 7
79 10 7
79 11 7
79 12 7
79 13 7
79 14 7
79 15 7
79 16 7
79 17 7
79 18 7
79 19 7
79 20 7
79 21 7
79 22 7
79 23 7
79 24 7
79 25 10
79 26 10
79 27 10
79 28 10
79 29 10
79 30 10
79 31 10
79 32 10
79 33 10
79 34 10
79 35 10
79 36 10
79 37 10
79 38 10
79 39 10
79 40 10
79 41 10
79 42 10
79 43 10
79 44 10
79 45 10
79 46 10
79 47 10
79 48 10
79 49 10
79 50 10
79 51 10
79 52 10
79 53 10
79 54 10
79 55 10
79 56 10
79 57 10
79 58 10
79 59 10
79 60 10
79 61 10
79 62 10
79 63 1
79 64 1
79 65 1
79 66 1
79 67 1
79 68 1
79 69 1
79 70 1
79 71 1
79 72 1
79 73 1
79 74 1
79 75 1
79 76 1
79 77 1
79 78 8
79 79 8
79 80 8
79 81 8
79 82 8
79 83 8
79 84 8
79 85 8
79 86 8
79 87 8
79 88 8
79 89 8
79 90 8
79 91 8
79 92 8
79 93 8
79 94 8
79 95 8
79 96 8
79 97 8
79 98 8
79 99 8
79 100 8

80 1 7
80 2 7
80 3 7
80 4 7
80 5 7
80 6 7
80 7 7
80 8 7
80 9 7
80 10 7
80 11 7
80 12 7
80 13 7
80 14 7
80 15 7
80 16 7
80 17 7
80 18 7
80 19 7
80 20 7
80 21 7
80 22 7
80 23 7
80 24 7
80 25 10
80 26 10
80 27 10
80 28 10
80 29 10
80 30 10
80 31 10
80 32 10
80 33 10
80 34 10
80 35 10
80 36 10
80 37 10
80 38 10
80 39 10
80 40 10
80 41 10
80 42 10
80 43 10
80 44 10
80 45 10
80 46 10
80 47 10
80 48 10
80 49 10
80 50 10
80 51 10
80 52 10
80 53 10
80 54 10
80 55 10
80 56 10
80 57 10
80 58 10
80 59 10
80 60 10
80 61 10
80 62 10
80 63 10
80 64 1
80 65 1
80 66 1
80 67 1
80 68 1
80 69 1
80 70 1
80 71 1
80 72 1
80 73 1
80 74 1
80 75 1
80 76 8
80 77 8
80 78 8
80 79 8
80 80 8
80 81 8
80 82 8
80 83 8
80 84 8
80 85 8
80 86 8
80 87 8
80 88 8
80 89 8
80 90 8
80 91 8
80 92 8
80 93 8
80 94 8
80 95 8
80 96 8
80 97 8
80 98 8
80 99 8
80 100 8

81 1 7
81 2 7
81 3 7
81 4 7
81 5 7
81 6 7
81 7 7
81 8 7
81 9 7
81 10 7
81 11 7
81 12 7
81 13 7
81 14 7
81 15 7
81 16 7
81 17 7
81 18 7
81 19 7
81 20 7
81 21 7
81 22 7
81 23 7
81 24 7
81 25 10
81 26 10
81 27 10
81 28 10
81 29 10
81 30 10
81 31 10
81 32 10
81 33 10
81 34 10
81 35 10
81 36 10
81 37 10
81 38 10
81 39 10
81 40 10
81 41 10
81 42 10
81 43 10
81 44 10
81 45 10
81 46 10
81 47 10
81 48 10
81 49 10
81 50 10
81 51 10
81 52 10
81 53 10
81 54 10
81 55 10
81 56 10
81 57 10
81 58 10
81 59 10
81 60 10
81 61 10
81 62 10
81 63 10
81 64 10
81 65 1
81 66 1
81 67 1
81 68 1
81 69 1
81 70 1
81 71 1
81 72 1
81 73 1
81 74 1
81 75 8
81 76 8
81 77 8
81 78 8
81 79 8
81 80 8
81 81 8
81 82 8
81 83 8
81 84 8
81 85 8
81 86 8
81 87 8
81 88 8
81 89 8
81 90 8
81 91 8
81 92 8
81 93 8
81 94 8
81 95 8
81 96 8
81 97 8
81 98 8
81 99 8
81 100 8

82 1 7
82 2 7
82 3 7
82 4 7
82 5 7
82 6 7
82 7 7
82 8 7
82 9 7
82 10 7
82 11 7
82 12 7
82 13 7
82 14 7
82 15 7
82 16 7
82 17 7
82 18 7
82 19 7
82 20 7
82 21 7
82 22 7
82 23 7
82 24 7
82 25 10
82 26 10
82 27 10
82 28 10
82 29 10
82 30 10
82 31 10
82 32 10
82 33 10
82 34 10
82 35 10
82 36 10
82 37 10
82 38 10
82 39 10
82 40 10
82 41 10
82 42 10
82 43 10
82 44 10
82 45 10
82 46 10
82 47 10
82 48 10
82 49 10
82 50 10
82 51 10
82 52 10
82 53 10
82 54 10
82 55 10
82 56 10
82 57 10
82 58 10
82 59 10
82 60 10
82 61 10
82 62 10
82 63 10
82 64 10
82 65 10
82 66 1
82 67 1
82 68 1
82 69 1
82 70 1
82 71 1
82 72 1
82 73 8
82 74 8
82 75 8
82 76 8
82 77 8
82 78 8
82 79 8
82 80 8
82 81 8
82 82 8
82 83 8
82 84 8
82 85 8
82 86 8
82 87 8
82 88 8
82 89 8
82 90 8
82 91 8
82 92 8
82 93 8
82 94 8
82 95 8
82 96 8
82 97 8
82 98 8
82 99 8
82 100 8

83 1 7
83 2 7
83 3 7
83 4 7
83 5 7
83 6 7
83 7 7
83 8 7
83 9 7
83 10 7
83 11 7
83 12 7
83 13 7
83 14 7
83 15 7
83 16 7
83 17 7
83 18 7
83 19 7
83 20 7
83 21 7
83 22 7
83 23 7
83 24 7
83 25 7
83 26 10
83 27 10
83 28 10
83 29 10
83 30 10
83 31 10
83 32 10
83 33 10
83 34 10
83 35 10
83 36 10
83 37 10
83 38 10
83 39 10
83 40 10
83 41 10
83 42 10
83 43 10
83 44 10
83 45 10
83 46 10
83 47 10
83 48 10
83 49 10
83 50 10
83 51 10
83 52 10
83 53 10
83 54 10
83 55 10
83 56 10
83 57 10
83 58 10
83 59 10
83 60 10
83 61 10
83 62 10
83 63 10
83 64 10
83 65 10
83 66 10
83 67 1
83 68 1
83 69 1
83 70 1
83 71 1
83 72 8
83 73 8
83 74 8
83 75 8
83 76 8
83 77 8
83 78 8
83 79 8
83 80 8
83 81 8
83 82 8
83 83 8
83 84 8
83 85 8
83 86 8
83 87 8
83 88 8
83 89 8
83 90 8
83 91 8
83 92 8
83 93 8
83 94 8
83 95 8
83 96 8
83 97 8
83 98 8
83 99 8
83 100 8

84 1 7
84 2 7
84 3 7
84 4 7
84 5 7
84 6 7
84 7 7
84 8 7
84 9 7
84 10 7
84 11 7
84 12 7
84 13 7
84 14 7
84 15 7
84 16 7
84 17 7
84 18 7
84 19 7
84 20 7
84 21 7
84 22 7
84 23 7
84 24 7
84 25 7
84 26 10
84 27 10
84 28 10
84 29 10
84 30 10
84 31 10
84 32 10
84 33 10
84 34 10
84 35 10
84 36 10
84 37 10
84 38 10
84 39 10
84 40 10
84 41 10
84 42 10
84 43 10
84 44 10
84 45 10
84 46 10
84 47 10
84 48 10
84 49 10
84 50 10
84 51 10
84 52 10
84 53 10
84 54 10
84 55 10
84 56 10
84 57 10
84 58 10
84 59 10
84 60 10
84 61 10
84 62 10
84 63 10
84 64 10
84 65 10
84 66 10
84 67 10
84 68 10
84 69 1
84 70 8
84 71 8
84 72 8
84 73 8
84 74 8
84 75 8
84 76 8
84 77 8
84 78 8
84 79 8
84 80 8
84 81 8
84 82 8
84 83 8
84 84 8
84 85 8
84 86 8
84 87 8
84 88 8
84 89 8
84 90 8
84 91 8
84 92 8
84 93 8
84 94 8
84 95 8
84 96 8
84 97 8
84 98 8
84 99 8
84 100 8

85 1 7
85 2 7
85 3 7
85 4 7
85 5 7
85 6 7
85 7 7
85 8 7
85 9 7
85 10 7
85 11 7
85 12 7
85 13 7
85 14 7
85 15 7
85 16 7
85 17 7
85 18 7
85 19 7
85 20 7
85 21 7
85 22 7
85 23 7
85 24 7
85 25 7
85 26 10
85 27 10
85 28 10
85 29 10
85 30 10
85 31 10
85 32 10
85 33 10
85 34 10
85 35 10
85 36 10
85 37 10
85 38 10
85 39 10
85 40 10
85 41 10
85 42 10
85 43 10
85 44 10
85 45 10
85 46 10
85 47 10
85 48 10
85 49 10
85 50 10
85 51 10
85 52 10
85 53 10
85 54 10
85 55 10
85 56 10
85 57 10
85 58 10
85 59 10
85 60 10
85 61 10
85 62 10
85 63 10
85 64 10
85 65 10
85 66 10
85 67 10
85 68 10
85 69 8
85 70 8
85 71 8
85 72 8
85 73 8
85 74 8
85 75 8
85 76 8
85 77 8
85 78 8
85 79 8
85 80 8
85 81 8
85 82 8
85 83 8
85 84 8
85 85 8
85 86 8
85 87 8
85 88 8
85 89 8
85 90 8
85 91 8
85 92 8
85 93 8
85 94 8
85 95 8
85 96 8
85 97 8
85 98 8
85 99 8
85 100 8

86 1 7
86 2 7
86 3 7
86 4 7
86 5 7
86 6 7
86 7 7
86 8 7
86 9 7
86 10 7
86 11 7
86 12 7
86 13 7
86 14 7
86 15 7
86 16 7
86 17 7
86 18 7
86 19 7
86 20 7
86 21 7
86 22 7
86 23 7
86 24 7
86 25 7
86 26 10
86 27 10
86 28 10
86 29 10
86 30 10
86 31 10
86 32 10
86 33 10
86 34 10
86 35 10
86 36 10
86 37 10
86 38 10
86 39 10
86 40 10
86 41 10
86 42 10
86 43 10
86 44 10
86 45 10
86 46 10
86 47 10
86 48 10
86 49 10
86 50 10
86 51 10
86 52 10
86 53 10
86 54 10
86 55 10
86 56 10
86 57 10
86 58 10
86 59 10
86 60 10
86 61 10
86 62 10
86 63 10
86 64 10
86 65 10
86 66 10
86 67 10
86 68 10
86 69 8
86 70 8
86 71 8
86 72 8
86 73 8
86 74 8
86 75 8
86 76 8
86 77 8
86 78 8
86 79 8
86 80 8
86 81 8
86 82 8
86 83 8
86 84 8
86 85 8
86 86 8
86 87 8
86 88 8
86 89 8
86 90 8
86 91 8
86 92 8
86 93 8
86 94 8
86 95 8
86 96 8
86 97 8
86 98 8
86 99 8
86 100 8

87 1 7
87 2 7
87 3 7
87 4 7
87 5 7
87 6 7
87 7 7
87 8 7
87 9 7
87 10 7
87 11 7
87 12 7
87 13 7
87 14 7
87 15 7
87 16 7
87 17 7
87 18 7
87 19 7
87 20 7
87 21 7
87 22 7
87 23 7
87 24 7
87 25 7
87 26 10
87 27 10
87 28 10
87 29 10
87 30 10
87 31 10
87 32 10
87 33 10
87 34 10
87 35 10
87 36 10
87 37 10
87 38 10
87 39 10
87 40 10
87 41 10
87 42 10
87 43 10
87 44 10
87 45 10
87 46 10
87 47 10
87 48 10
87 49 10
87 50 10
87 51 10
87 52 10
87 53 10
87 54 10
87 55 10
87 56 10
87 57 10
87 58 10
87 59 10
87 60 10
87 61 10
87 62 10
87 63 10
87 64 10
87 65 10
87 66 10
87 67 10
87 68 10
87 69 8
87 70 8
87 71 8
87 72 8
87 73 8
87 74 8
87 75 8
87 76 8
87 77 8
87 78 8
87 79 8
87 80 8
87 81 8
87 82 8
87 83 8
87 84 8
87 85 8
87 86 8
87 87 8
87 88 8
87 89 8
87 90 8
87 91 8
87 92 8
87 93 8
87 94 8
87 95 8
87 96 8
87 97 8
87 98 8
87 99 8
87 100 8

88 1 7
88 2 7
88 3 7
88 4 7
88 5 7
88 6 7
88 7 7
88 8 7
88 9 7
88 10 7
88 11 7
88 12 7
88 13 7
88 14 7
88 15 7
88 16 7
88 17 7
88 18 7
88 19 7
88 20 7
88 21 7
88 22 7
88 23 7
88 24 7
88 25 7
88 26 10
88 27 10
88 28 10
88 29 10
88 30 10
88 31 10
88 32 10
88 33 10
88 34 10
88 35 10
88 36 10
88 37 10
88 38 10
88 39 10
88 40 10
88 41 10
88 42 10
88 43 10
88 44 10
88 45 10
88 46 10
88 47 10
88 48 10
88 49 10
88 50 10
88 51 10
88 52 10
88 53 10
88 54 10
88 55 10
88 56 10
88 57 10
88 58 10
88 59 10
88 60 10
88 61 10
88 62 10
88 63 10
88 64 10
88 65 10
88 66 10
88 67 10
88 68 10
88 69 8
88 70 8
88 71 8
88 72 8
88 73 8
88 74 8
88 75 8
88 76 8
88 77 8
88 78 8
88 79 8
88 80 8
88 81 8
88 82 8
88 83 8
88 84 8
88 85 8
88 86 8
88 87 8
88 88 8
88 89 8
88 90 8
88 91 8
88 92 8
88 93 8
88 94 8
88 95 8
88 96 8
88 97 8
88 98 8
88 99 8
88 100 8

89 1 7
89 2 7
89 3 7
89 4 7
89 5 7
89 6 7
89 7 7
89 8 7
89 9 7
89 10 7
89 11 7
89 12 7
89 13 7
89 14 7
89 15 7
89 16 7
89 17 7
89 18 7
89 19 7
89 20 7
89 21 7
89 22 7
89 23 7
89 24 7
89 25 7
89 26 10
89 27 10
89 28 10
89 29 10
89 30 10
89 31 10
89 32 10
89 33 10
89 34 10
89 35 10
89 36 10
89 37 10
89 38 10
89 39 10
89 40 10
89 41 10
89 42 10
89 43 10
89 44 10
89 45 10
89 46 10
89 47 10
89 48 10
89 49 10
89 50 10
89 51 10
89 52 10
89 53 10
89 54 10
89 55 10
89 56 10
89 57 10
89 58 10
89 59 10
89 60 10
89 61 10
89 62 10
89 63 10
89 64 10
89 65 10
89 66 10
89 67 10
89 68 10
89 69 8
89 70 8
89 71 8
89 72 8
89 73 8
89 74 8
89 75 8
89 76 8
89 77 8
89 78 8
89 79 8
89 80 8
89 81 8
89 82 8
89 83 8
89 84 8
89 85 8
89 86 8
89 87 8
89 88 8
89 89 8
89 90 8
89 91 8
89 92 8
89 93 8
89 94 8
89 95 8
89 96 8
89 97 8
89 98 8
89 99 8
89 100 8

90 1 7
90 2 7
90 3 7
90 4 7
90 5 7
90 6 7
90 7 7
90 8 7
90 9 7
90 10 7
90 11 7
90 12 7
90 13 7
90 14 7
90 15 7
90 16 7
90 17 7
90 18 7
90 19 7
90 20 7
90 21 7
90 22 7
90 23 7
90 24 7
90 25 7
90 26 10
90 27 10
90 28 10
90 29 10
90 30 10
90 31 10
90 32 10
90 33 10
90 34 10
90 35 10
90 36 10
90 37 10
90 38 10
90 39 10
90 40 10
90 41 10
90 42 10
90 43 10
90 44 10
90 45 10
90 46 10
90 47 10
90 48 10
90 49 10
90 50 10
90 51 10
90 52 10
90 53 10
90 54 10
90 55 10
90 56 10
90 57 10
90 58 10
90 59 10
90 60 10
90 61 10
90 62 10
90 63 10
90 64 10
90 65 10
90 66 10
90 67 10
90 68 10
90 69 8
90 70 8
90 71 8
90 72 8
90 73 8
90 74 8
90 75 8
90 76 8
90 77 8
90 78 8
90 79 8
90 80 8
90 81 8
90 82 8
90 83 8
90 84 8
90 85 8
90 86 8
90 87 8
90 88 8
90 89 8
90 90 8
90 91 8
90 92 8
90 93 8
90 94 8
90 95 8
90 96 8
90 97 8
90 98 8
90 99 8
90 100 8

91 1 7
91 2 7
91 3 7
91 4 7
91 5 7
91 6 7
91 7 7
91 8 7
91 9 7
91 10 7
91 11 7
91 12 7
91 13 7
91 14 7
91 15 7
91 16 7
91 17 7
91 18 7
91 19 7
91 20 7
91 21 7
91 22 7
91 23 7
91 24 7
91 25 7
91 26 10
91 27 10
91 28 10
91 29 10
91 30 10
91 31 10
91 32 10
91 33 10
91 34 10
91 35 10
91 36 10
91 37 10
91 38 10
91 39 10
91 40 10
91 41 10
91 42 10
91 43 10
91 44 10
91 45 10
91 46 10
91 47 10
91 48 10
91 49 10
91 50 10
91 51 10
91 52 10
91 53 10
91 54 10
91 55 10
91 56 10
91 57 10
91 58 10
91 59 10
91 60 10
91 61 10
91 62 10
91 63 10
91 64 10
91 65 10
91 66 10
91 67 10
91 68 10
91 69 8
91 70 8
91 71 8
91 72 8
91 73 8
91 74 8
91 75 8
91 76 8
91 77 8
91 78 8
91 79 8
91 80 8
91 81 8
91 82 8
91 83 8
91 84 8
91 85 8
91 86 8
91 87 8
91 88 8
91 89 8
91 90 8
91 91 8
91 92 8
91 93 8
91 94 8
91 95 8
91 96 8
91 97 8
91 98 8
91 99 8
91 100 8

92 1 7
92 2 7
92 3 7
92 4 7
92 5 7
92 6 7
92 7 7
92 8 7
92 9 7
92 10 7
92 11 7
92 12 7
92 13 7
92 14 7
92 15 7
92 16 7
92 17 7
92 18 7
92 19 7
92 20 7
92 21 7
92 22 7
92 23 7
92 24 7
92 25 7
92 26 10
92 27 10
92 28 10
92 29 10
92 30 10
92 31 10
92 32 10
92 33 10
92 34 10
92 35 10
92 36 10
92 37 10
92 38 10
92 39 10
92 40 10
92 41 10
92 42 10
92 43 10
92 44 10
92 45 10
92 46 10
92 47 10
92 48 10
92 49 10
92 50 10
92 51 10
92 52 10
92 53 10
92 54 10
92 55 10
92 56 10
92 57 10
92 58 10
92 59 10
92 60 10
92 61 10
92 62 10
92 63 10
92 64 10
92 65 10
92 66 10
92 67 10
92 68 10
92 69 8
92 70 8
92 71 8
92 72 8
92 73 8
92 74 8
92 75 8
92 76 8
92 77 8
92 78 8
92 79 8
92 80 8
92 81 8
92 82 8
92 83 8
92 84 8
92 85 8
92 86 8
92 87 8
92 88 8
92 89 8
92 90 8
92 91 8
92 92 8
92 93 8
92 94 8
92 95 8
92 96 8
92 97 8
92 98 8
92 99 8
92 100 8

93 1 7
93 2 7
93 3 7
93 4 7
93 5 7
93 6 7
93 7 7
93 8 7
93 9 7
93 10 7
93 11 7
93 12 7
93 13 7
93 14 7
93 15 7
93 16 7
93 17 7
93 18 7
93 19 7
93 20 7
93 21 7
93 22 7
93 23 7
93 24 7
93 25 7
93 26 10
93 27 10
93 28 10
93 29 10
93 30 10
93 31 10
93 32 10
93 33 10
93 34 10
93 35 10
93 36 10
93 37 10
93 38 10
93 39 10
93 40 10
93 41 10
93 42 10
93 43 10
93 44 10
93 45 10
93 46 10
93 47 10
93 48 10
93 49 10
93 50 10
93 51 10
93 52 10
93 53 10
93 54 10
93 55 10
93 56 10
93 57 10
93 58 10
93 59 10
93 60 10
93 61 10
93 62 10
93 63 10
93 64 10
93 65 10
93 66 10
93 67 10
93 68 10
93 69 8
93 70 8
93 71 8
93 72 8
93 73 8
93 74 8
93 75 8
93 76 8
93 77 8
93 78 8
93 79 8
93 80 8
93 81 8
93 82 8
93 83 8
93 84 8
93 85 8
93 86 8
93 87 8
93 88 8
93 89 8
93 90 8
93 91 8
93 92 8
93 93 8
93 94 8
93 95 8
93 96 8
93 97 8
93 98 8
93 99 8
93 100 8

94 1 7
94 2 7
94 3 7
94 4 7
94 5 7
94 6 7
94 7 7
94 8 7
94 9 7
94 10 7
94 11 7
94 12 7
94 13 7
94 14 7
94 15 7
94 16 7
94 17 7
94 18 7
94 19 7
94 20 7
94 21 7
94 22 7
94 23 7
94 24 7
94 25 7
94 26 10
94 27 10
94 28 10
94 29 10
94 30 10
94 31 10
94 32 10
94 33 10
94 34 10
94 35 10
94 36 10
94 37 10
94 38 10
94 39 10
94 40 10
94 41 10
94 42 10
94 43 10
94 44 10
94 45 10
94 46 10
94 47 10
94 48 10
94 49 10
94 50 10
94 51 10
94 52 10
94 53 10
94 54 10
94 55 10
94 56 10
94 57 10
94 58 10
94 59 10
94 60 10
94 61 10
94 62 10
94 63 10
94 64 10
94 65 10
94 66 10
94 67 10
94 68 10
94 69 8
94 70 8
94 71 8
94 72 8
94 73 8
94 74 8
94 75 8
94 76 8
94 77 8
94 78 8
94 79 8
94 80 8
94 81 8
94 82 8
94 83 8
94 84 8
94 85 8
94 86 8
94 87 8
94 88 8
94 89 8
94 90 8
94 91 8
94 92 8
94 93 8
94 94 8
94 95 8
94 96 8
94 97 8
94 98 8
94 99 8
94 100 8

95 1 7
95 2 7
95 3 7
95 4 7
95 5 7
95 6 7
95 7 7
95 8 7
95 9 7
95 10 7
95 11 7
95 12 7
95 13 7
95 14 7
95 15 7
95 16 7
95 17 7
95 18 7
95 19 7
95 20 7
95 21 7
95 22 7
95 23 7
95 24 7
95 25 7
95 26 7
95 27 10
95 28 10
95 29 10
95 30 10
95 31 10
95 32 10
95 33 10
95 34 10
95 35 10
95 36 10
95 37 10
95 38 10
95 39 10
95 40 10
95 41 10
95 42 10
95 43 10
95 44 10
95 45 10
95 46 10
95 47 10
95 48 10
95 49 10
95 50 10
95 51 10
95 52 10
95 53 10
95 54 10
95 55 10
95 56 10
95 57 10
95 58 10
95 59 10
95 60 10
95 61 10
95 62 10
95 63 10
95 64 10
95 65 10
95 66 10
95 67 10
95 68 10
95 69 8
95 70 8
95 71 8
95 72 8
95 73 8
95 74 8
95 75 8
95 76 8
95 77 8
95 78 8
95 79 8
95 80 8
95 81 8
95 82 8
95 83 8
95 84 8
95 85 8
95 86 8
95 87 8
95 88 8
95 89 8
95 90 8
95 91 8
95 92 8
95 93 8
95 94 8
95 95 8
95 96 8
95 97 8
95 98 8
95 99 8
95 100 8

96 1 7
96 2 7
96 3 7
96 4 7
96 5 7
96 6 7
96 7 7
96 8 7
96 9 7
96 10 7
96 11 7
96 12 7
96 13 7
96 14 7
96 15 7
96 16 7
96 17 7
96 18 7
96 19 7
96 20 7
96 21 7
96 22 7
96 23 7
96 24 7
96 25 7
96 26 7
96 27 10
96 28 10
96 29 10
96 30 10
96 31 10
96 32 10
96 33 10
96 34 10
96 35 10
96 36 10
96 37 10
96 38 10
96 39 10
96 40 10
96 41 10
96 42 10
96 43 10
96 44 10
96 45 10
96 46 10
96 47 10
96 48 10
96 49 10
96 50 10
96 51 10
96 52 10
96 53 10
96 54 10
96 55 10
96 56 10
96 57 10
96 58 10
96 59 10
96 60 10
96 61 10
96 62 10
96 63 10
96 64 10
96 65 10
96 66 10
96 67 10
96 68 10
96 69 8
96 70 8
96 71 8
96 72 8
96 73 8
96 74 8
96 75 8
96 76 8
96 77 8
96 78 8
96 79 8
96 80 8
96 81 8
96 82 8
96 83 8
96 84 8
96 85 8
96 86 8
96 87 8
96 88 8
96 89 8
96 90 8
96 91 8
96 92 8
96 93 8
96 94 8
96 95 8
96 96 8
96 97 8
96 98 8
96 99 8
96 100 8

97 1 7
97 2 7
97 3 7
97 4 7
97 5 7
97 6 7
97 7 7
97 8 7
97 9 7
97 10 7
97 11 7
97 12 7
97 13 7
97 14 7
97 15 7
97 16 7
97 17 7
97 18 7
97 19 7
97 20 7
97 21 7
97 22 7
97 23 7
97 24 7
97 25 7
97 26 7
97 27 10
97 28 10
97 29 10
97 30 10
97 31 10
97 32 10
97 33 10
97 34 10
97 35 10
97 36 10
97 37 10
97 38 10
97 39 10
97 40 10
97 41 10
97 42 10
97 43 10
97 44 10
97 45 10
97 46 10
97 47 10
97 48 10
97 49 10
97 50 10
97 51 10
97 52 10
97 53 10
97 54 10
97 55 10
97 56 10
97 57 10
97 58 10
97 59 10
97 60 10
97 61 10
97 62 10
97 63 10
97 64 10
97 65 10
97 66 10
97 67 10
97 68 10
97 69 8
97 70 8
97 71 8
97 72 8
97 73 8
97 74 8
97 75 8
97 76 8
97 77 8
97 78 8
97 79 8
97 80 8
97 81 8
97 82 8
97 83 8
97 84 8
97 85 8
97 86 8
97 87 8
97 88 8
97 89 8
97 90 8
97 91 8
97 92 8
97 93 8
97 94 8
97 95 8
97 96 8
97 97 8
97 98 8
97 99 8
97 100 8

98 1 7
98 2 7
98 3 7
98 4 7
98 5 7
98 6 7
98 7 7
98 8 7
98 9 7
98 10 7
98 11 7
98 12 7
98 13 7
98 14 7
98 15 7
98 16 7
98 17 7
98 18 7
98 19 7
98 20 7
98 21 7
98 22 7
98 23 7
98 24 7
98 25 7
98 26 7
98 27 10
98 28 10
98 29 10
98 30 10
98 31 10
98 32 10
98 33 10
98 34 10
98 35 10
98 36 10
98 37 10
98 38 10
98 39 10
98 40 10
98 41 10
98 42 10
98 43 10
98 44 10
98 45 10
98 46 10
98 47 10
98 48 10
98 49 10
98 50 10
98 51 10
98 52 10
98 53 10
98 54 10
98 55 10
98 56 10
98 57 10
98 58 10
98 59 10
98 60 10
98 61 10
98 62 10
98 63 10
98 64 10
98 65 10
98 66 10
98 67 10
98 68 10
98 69 8
98 70 8
98 71 8
98 72 8
98 73 8
98 74 8
98 75 8
98 76 8
98 77 8
98 78 8
98 79 8
98 80 8
98 81 8
98 82 8
98 83 8
98 84 8
98 85 8
98 86 8
98 87 8
98 88 8
98 89 8
98 90 8
98 91 8
98 92 8
98 93 8
98 94 8
98 95 8
98 96 8
98 97 8
98 98 8
98 99 8
98 100 8

99 1 7
99 2 7
99 3 7
99 4 7
99 5 7
99 6 7
99 7 7
99 8 7
99 9 7
99 10 7
99 11 7
99 12 7
99 13 7
99 14 7
99 15 7
99 16 7
99 17 7
99 18 7
99 19 7
99 20 7
99 21 7
99 22 7
99 23 7
99 24 7
99 25 7
99 26 7
99 27 10
99 28 10
99 29 10
99 30 10
99 31 10
99 32 10
99 33 10
99 34 10
99 35 10
99 36 10
99 37 10
99 38 10
99 39 10
99 40 10
99 41 10
99 42 10
99 43 10
99 44 10
99 45 10
99 46 10
99 47 10
99 48 10
99 49 10
99 50 10
99 51 10
99 52 10
99 53 10
99 54 10
99 55 10
99 56 10
99 57 10
99 58 10
99 59 10
99 60 10
99 61 10
99 62 10
99 63 10
99 64 10
99 65 10
99 66 10
99 67 10
99 68 10
99 69 8
99 70 8
99 71 8
99 72 8
99 73 8
99 74 8
99 75 8
99 76 8
99 77 8
99 78 8
99 79 8
99 80 8
99 81 8
99 82 8
99 83 8
99 84 8
99 85 8
99 86 8
99 87 8
99 88 8
99 89 8
99 90 8
99 91 8
99 92 8
99 93 8
99 94 8
99 95 8
99 96 8
99 97 8
99 98 8
99 99 8
99 100 8

100 1 7
100 2 7
100 3 7
100 4 7
100 5 7
100 6 7
100 7 7
100 8 7
100 9 7
100 10 7
100 11 7
100 12 7
100 13 7
100 14 7
100 15 7
100 16 7
100 17 7
100 18 7
100 19 7
100 20 7
100 21 7
100 22 7
100 23 7
100 24 7
100 25 7
100 26 7
100 27 10
100 28 10
100 29 10
100 30 10
100 31 10
100 32 10
100 33 10
100 34 10
100 35 10
100 36 10
100 37 10
100 38 10
100 39 10
100 40 10
100 41 10
100 42 10
100 43 10
100 44 10
100 45 10
100 46 10
100 47 10
100 48 10
100 49 10
100 50 10
100 51 10
100 52 10
100 53 10
100 54 10
100 55 10
100 56 10
100 57 10
100 58 10
100 59 10
100 60 10
100 61 10
100 62 10
100 63 10
100 64 10
100 65 10
100 66 10
100 67 10
100 68 10
100 69 8
100 70 8
100 71 8
100 72 8
100 73 8
100 74 8
100 75 8
100 76 8
100 77 8
100 78 8
100 79 8
100 80 8
100 81 8
100 82 8
100 83 8
100 84 8
100 85 8
100 86 8
100 87 8
100 88 8
100 89 8
100 90 8
100 91 8
100 92 8
100 93 8
100 94 8
100 95 8
100 96 8
100 97 8
100 98 8
100 99 8
100 100 8

